45 0.6260416666666667 0.8243055555555555 0.08125 0.08472222222222223
45 0.3463541666666667 0.2673611111111111 0.08020833333333334 0.09305555555555556
45 0.5338541666666666 0.2465277777777778 0.084375 0.09305555555555556
45 0.7239583333333334 0.5722222222222222 0.08125 0.08333333333333333
45 0.7713541666666667 0.6333333333333333 0.06354166666666666 0.08333333333333333
45 0.45 0.8305555555555556 0.08125 0.08611111111111111
45 0.33489583333333334 0.5763888888888888 0.09270833333333334 0.09166666666666666
45 0.4317708333333333 0.2513888888888889 0.08854166666666667 0.09444444444444444
45 0.6958333333333333 0.8 0.06666666666666667 0.08888888888888889
45 0.5635416666666667 0.5826388888888889 0.1 0.10416666666666667
45 0.7536458333333333 0.29791666666666666 0.06354166666666666 0.0875
45 0.25364583333333335 0.63125 0.065625 0.0875
45 0.7734375 0.4708333333333333 0.065625 0.07222222222222222
45 0.24895833333333334 0.45694444444444443 0.06458333333333334 0.075
45 0.28489583333333335 0.7611111111111111 0.06979166666666667 0.08611111111111111
45 0.746875 0.7715277777777778 0.058333333333333334 0.08472222222222223
45 0.27239583333333334 0.30069444444444443 0.06354166666666666 0.08472222222222223
45 0.5442708333333334 0.8347222222222223 0.078125 0.08055555555555556
45 0.6239583333333333 0.2548611111111111 0.08541666666666667 0.09305555555555556
