99 0.46145833333333336 0.8333333333333334 0.16458333333333333 0.08888888888888889
102 0.31614583333333335 0.6944444444444444 0.06145833333333333 0.05555555555555555
102 0.46197916666666666 0.34375 0.16145833333333334 0.08194444444444444
102 0.31302083333333336 0.6333333333333333 0.065625 0.07777777777777778
48 0.30104166666666665 0.25833333333333336 0.09791666666666667 0.14722222222222223
82 0.6192708333333333 0.3645833333333333 0.084375 0.1125
49 0.6401041666666667 0.2375 0.146875 0.17222222222222222
82 0.29010416666666666 0.3819444444444444 0.071875 0.10555555555555556
102 0.6078125 0.6791666666666667 0.057291666666666664 0.07777777777777778
82 0.28020833333333334 0.4875 0.07083333333333333 0.1111111111111111
80 0.45677083333333335 0.6569444444444444 0.265625 0.3
102 0.34791666666666665 0.7548611111111111 0.07708333333333334 0.05694444444444444
82 0.63125 0.4826388888888889 0.0875 0.12361111111111112
48 0.7322916666666667 0.5763888888888888 0.07916666666666666 0.16111111111111112
102 0.459375 0.42083333333333334 0.1625 0.08611111111111111
48 0.21875 0.3548611111111111 0.07291666666666667 0.14583333333333334
102 0.5885416666666666 0.7465277777777778 0.08125 0.0763888888888889
