35 0.8765625 0.42777777777777776 0.051041666666666666 0.13333333333333333
71 0.15520833333333334 0.7243055555555555 0.07083333333333333 0.11805555555555555
72 0.7890625 0.2569444444444444 0.09270833333333334 0.15
1 0.659375 0.7409722222222223 0.1375 0.17083333333333334
0 0.6427083333333333 0.18125 0.12083333333333333 0.12083333333333333
69 0.3796875 0.8638888888888889 0.12395833333333334 0.09166666666666666
35 0.85625 0.7166666666666667 0.05625 0.12222222222222222
72 0.81875 0.43333333333333335 0.0875 0.175
72 0.8130208333333333 0.60625 0.096875 0.16527777777777777
1 0.6744791666666666 0.33541666666666664 0.140625 0.19027777777777777
6 0.28020833333333334 0.8270833333333333 0.08958333333333333 0.10694444444444444
1 0.6854166666666667 0.5409722222222222 0.14583333333333334 0.20694444444444443
6 0.246875 0.7041666666666667 0.09375 0.14722222222222223
71 0.18802083333333333 0.8125 0.07604166666666666 0.08888888888888889
69 0.3645833333333333 0.7777777777777778 0.14166666666666666 0.14444444444444443
1 0.6270833333333333 0.8736111111111111 0.11458333333333333 0.10555555555555556
35 0.8223958333333333 0.8118055555555556 0.057291666666666664 0.09305555555555556
72 0.7947916666666667 0.75 0.08958333333333333 0.13333333333333333
72 0.7557291666666667 0.8520833333333333 0.08854166666666667 0.10416666666666667
71 0.13697916666666668 0.6111111111111112 0.065625 0.12777777777777777
35 0.8796875 0.5631944444444444 0.046875 0.12916666666666668
