60 0.1765625 0.7590277777777777 0.08020833333333334 0.10694444444444444
33 0.30572916666666666 0.14930555555555555 0.103125 0.07916666666666666
60 0.21145833333333333 0.175 0.07291666666666667 0.09444444444444444
6 0.7572916666666667 0.6708333333333333 0.10416666666666667 0.1527777777777778
73 0.19895833333333332 0.24513888888888888 0.06041666666666667 0.06805555555555555
33 0.24322916666666666 0.5201388888888889 0.109375 0.12638888888888888
34 0.26979166666666665 0.2826388888888889 0.11458333333333333 0.12916666666666668
67 0.853125 0.6145833333333334 0.07916666666666666 0.1875
62 0.8635416666666667 0.46319444444444446 0.075 0.12083333333333333
6 0.5713541666666667 0.7451388888888889 0.16145833333333334 0.2013888888888889
60 0.25416666666666665 0.7944444444444444 0.10833333333333334 0.14166666666666666
66 0.28802083333333334 0.20555555555555555 0.11145833333333334 0.10277777777777777
67 0.8135416666666667 0.7854166666666667 0.0875 0.1486111111111111
73 0.18854166666666666 0.31527777777777777 0.06666666666666667 0.09166666666666666
65 0.2453125 0.3923611111111111 0.10729166666666666 0.1375
62 0.7989583333333333 0.2013888888888889 0.07916666666666666 0.10833333333333334
73 0.16354166666666667 0.49583333333333335 0.06458333333333334 0.09444444444444444
60 0.15052083333333333 0.6618055555555555 0.078125 0.10972222222222222
78 0.765625 0.4576388888888889 0.13125 0.2791666666666667
62 0.8390625 0.3145833333333333 0.08020833333333334 0.12361111111111112
41 0.734375 0.7965277777777777 0.08958333333333333 0.1125
73 0.165625 0.40347222222222223 0.06666666666666667 0.0875
50 0.7411458333333333 0.23333333333333334 0.13020833333333334 0.18611111111111112
47 0.565625 0.8645833333333334 0.1125 0.07916666666666666
