53 0.7458333333333333 0.5569444444444445 0.07083333333333333 0.09444444444444444
35 0.3484375 0.7375 0.06354166666666666 0.07222222222222222
53 0.7135416666666666 0.7236111111111111 0.0625 0.08055555555555556
54 0.68125 0.5784722222222223 0.058333333333333334 0.08472222222222223
54 0.68125 0.4930555555555556 0.058333333333333334 0.08888888888888889
71 0.2755208333333333 0.6638888888888889 0.04895833333333333 0.07777777777777778
71 0.28177083333333336 0.3347222222222222 0.05520833333333333 0.075
62 0.40208333333333335 0.6527777777777778 0.07916666666666666 0.10833333333333334
41 0.6182291666666667 0.45069444444444445 0.07395833333333333 0.10138888888888889
54 0.6588541666666666 0.27569444444444446 0.053125 0.0625
36 0.5052083333333334 0.35555555555555557 0.07083333333333333 0.09444444444444444
54 0.68125 0.41041666666666665 0.058333333333333334 0.08194444444444444
35 0.35208333333333336 0.2465277777777778 0.0625 0.0625
71 0.2609375 0.5833333333333334 0.04895833333333333 0.08611111111111111
6 0.5994791666666667 0.2791666666666667 0.065625 0.07222222222222222
35 0.3177083333333333 0.5777777777777777 0.06458333333333334 0.09722222222222222
53 0.7458333333333333 0.46319444444444446 0.07083333333333333 0.09305555555555556
35 0.35104166666666664 0.3055555555555556 0.06666666666666667 0.08333333333333333
62 0.3848958333333333 0.5479166666666667 0.084375 0.09861111111111111
63 0.6078125 0.6506944444444445 0.07395833333333333 0.09027777777777778
62 0.42083333333333334 0.3347222222222222 0.07916666666666666 0.11388888888888889
71 0.2947916666666667 0.27361111111111114 0.04791666666666667 0.06111111111111111
35 0.3302083333333333 0.6652777777777777 0.06666666666666667 0.08888888888888889
53 0.7338541666666667 0.6472222222222223 0.06770833333333333 0.09166666666666666
54 0.6729166666666667 0.6548611111111111 0.05625 0.0763888888888889
62 0.41458333333333336 0.7347222222222223 0.07083333333333333 0.09166666666666666
47 0.5088541666666667 0.71875 0.065625 0.0763888888888889
53 0.7182291666666667 0.29583333333333334 0.06354166666666666 0.08333333333333333
71 0.2635416666666667 0.4111111111111111 0.052083333333333336 0.08333333333333333
0 0.5984375 0.7347222222222223 0.065625 0.07222222222222222
54 0.659375 0.7222222222222222 0.05416666666666667 0.06944444444444445
36 0.5052083333333334 0.44513888888888886 0.075 0.10138888888888889
62 0.4234375 0.25763888888888886 0.06979166666666667 0.09027777777777778
54 0.6697916666666667 0.33611111111111114 0.05625 0.075
71 0.259375 0.4965277777777778 0.052083333333333336 0.0875
35 0.3223958333333333 0.4791666666666667 0.07395833333333333 0.1
35 0.32708333333333334 0.3861111111111111 0.07083333333333333 0.09444444444444444
47 0.5083333333333333 0.6340277777777777 0.07291666666666667 0.10416666666666667
1 0.6182291666666667 0.5548611111111111 0.071875 0.10138888888888889
53 0.7354166666666667 0.37430555555555556 0.06875 0.0875
71 0.2890625 0.7305555555555555 0.053125 0.06388888888888888
