1 0.6276041666666666 0.8680555555555556 0.11145833333333334 0.11388888888888889
71 0.1546875 0.7215277777777778 0.06770833333333333 0.12638888888888888
6 0.2796875 0.8229166666666666 0.08854166666666667 0.1125
35 0.8229166666666666 0.8131944444444444 0.05625 0.09027777777777778
35 0.8463541666666666 0.7159722222222222 0.07395833333333333 0.12638888888888888
69 0.3796875 0.8645833333333334 0.12395833333333334 0.09027777777777778
35 0.8723958333333334 0.5645833333333333 0.059375 0.12916666666666668
69 0.3640625 0.7777777777777778 0.140625 0.1361111111111111
72 0.784375 0.24027777777777778 0.0875 0.15
35 0.8697916666666666 0.4326388888888889 0.06458333333333334 0.13194444444444445
72 0.75625 0.8423611111111111 0.09166666666666666 0.12361111111111112
71 0.1875 0.8125 0.075 0.08888888888888889
