5 0.25885416666666666 0.7805555555555556 0.07395833333333333 0.09444444444444444
5 0.23177083333333334 0.5701388888888889 0.090625 0.08472222222222223
5 0.5057291666666667 0.8652777777777778 0.06354166666666666 0.13333333333333333
5 0.7307291666666667 0.7944444444444444 0.07395833333333333 0.10555555555555556
5 0.409375 0.27152777777777776 0.08541666666666667 0.12916666666666668
5 0.334375 0.30277777777777776 0.09166666666666666 0.13055555555555556
5 0.6067708333333334 0.8541666666666666 0.07604166666666666 0.12222222222222222
5 0.40572916666666664 0.8472222222222222 0.08229166666666667 0.1361111111111111
5 0.490625 0.26666666666666666 0.07083333333333333 0.14166666666666666
5 0.6036458333333333 0.2902777777777778 0.09270833333333334 0.1388888888888889
5 0.7692708333333333 0.5763888888888888 0.08645833333333333 0.08055555555555556
5 0.25364583333333335 0.34097222222222223 0.08645833333333333 0.10138888888888889
5 0.7421875 0.3368055555555556 0.08645833333333333 0.09861111111111111
