17 0.496875 0.12361111111111112 0.09375 0.14722222222222223
17 0.39375 0.8083333333333333 0.09166666666666666 0.1388888888888889
17 0.1890625 0.46944444444444444 0.08229166666666667 0.1111111111111111
23 0.7833333333333333 0.7618055555555555 0.07916666666666666 0.10694444444444444
23 0.5072916666666667 0.8395833333333333 0.1 0.1486111111111111
17 0.4015625 0.1388888888888889 0.090625 0.1388888888888889
23 0.6244791666666667 0.8222222222222222 0.09895833333333333 0.14722222222222223
23 0.7875 0.19305555555555556 0.07916666666666666 0.10555555555555556
17 0.24114583333333334 0.7576388888888889 0.06979166666666667 0.10416666666666667
17 0.24583333333333332 0.19444444444444445 0.07708333333333334 0.10833333333333334
23 0.8385416666666666 0.5104166666666666 0.09375 0.12083333333333333
23 0.6083333333333333 0.12430555555555556 0.1 0.14583333333333334
17 0.30572916666666666 0.7701388888888889 0.08645833333333333 0.12361111111111112
23 0.7052083333333333 0.16666666666666666 0.09583333333333334 0.13333333333333333
