22 0.39947916666666666 0.8229166666666666 0.090625 0.13194444444444445
24 0.5005208333333333 0.30625 0.10729166666666666 0.1736111111111111
27 0.5947916666666667 0.8666666666666667 0.09375 0.13055555555555556
39 0.22447916666666667 0.8034722222222223 0.08020833333333334 0.10416666666666667
17 0.7401041666666667 0.5520833333333334 0.115625 0.13472222222222222
25 0.8354166666666667 0.5256944444444445 0.08125 0.12083333333333333
23 0.38229166666666664 0.17222222222222222 0.11041666666666666 0.15833333333333333
27 0.21770833333333334 0.23055555555555557 0.07708333333333334 0.1
23 0.784375 0.24097222222222223 0.07291666666666667 0.10972222222222222
25 0.1578125 0.5131944444444444 0.078125 0.12638888888888888
17 0.2421875 0.5097222222222222 0.11354166666666667 0.13055555555555556
18 0.7161458333333334 0.25416666666666665 0.10520833333333333 0.14166666666666666
24 0.5135416666666667 0.19583333333333333 0.09791666666666667 0.1361111111111111
22 0.4953125 0.6659722222222222 0.109375 0.17916666666666667
17 0.26666666666666666 0.2861111111111111 0.10208333333333333 0.12777777777777777
24 0.49270833333333336 0.8354166666666667 0.0875 0.13194444444444445
