93 0.534375 0.38055555555555554 0.10208333333333333 0.15833333333333333
18 0.7854166666666667 0.7569444444444444 0.07916666666666666 0.10277777777777777
93 0.6286458333333333 0.2520833333333333 0.10729166666666666 0.14305555555555555
42 0.8130208333333333 0.4840277777777778 0.09479166666666666 0.10694444444444444
23 0.35260416666666666 0.5152777777777777 0.15520833333333334 0.1638888888888889
40 0.2328125 0.7652777777777777 0.071875 0.09722222222222222
19 0.51875 0.54375 0.11458333333333333 0.16527777777777777
18 0.7979166666666667 0.24722222222222223 0.08541666666666667 0.11944444444444445
22 0.73125 0.5402777777777777 0.10833333333333334 0.12222222222222222
27 0.3067708333333333 0.7861111111111111 0.084375 0.10833333333333334
18 0.378125 0.7027777777777777 0.12916666666666668 0.17777777777777778
19 0.7171875 0.2965277777777778 0.115625 0.13472222222222222
93 0.5145833333333333 0.14166666666666666 0.07708333333333334 0.12222222222222222
19 0.6322916666666667 0.6791666666666667 0.125 0.1638888888888889
27 0.2625 0.3111111111111111 0.09375 0.13333333333333333
22 0.6203125 0.78125 0.09479166666666666 0.12083333333333333
22 0.5166666666666667 0.2590277777777778 0.10416666666666667 0.1625
23 0.18020833333333333 0.48125 0.0875 0.10972222222222222
19 0.6109375 0.16944444444444445 0.10104166666666667 0.14444444444444443
19 0.5177083333333333 0.69375 0.10416666666666667 0.16527777777777777
93 0.65 0.5541666666666667 0.11875 0.1361111111111111
93 0.5182291666666666 0.8118055555555556 0.07604166666666666 0.10972222222222222
18 0.25677083333333334 0.5361111111111111 0.11770833333333333 0.14722222222222223
22 0.6442708333333333 0.3854166666666667 0.12395833333333334 0.1486111111111111
27 0.2796875 0.6847222222222222 0.09270833333333334 0.12222222222222222
40 0.20364583333333333 0.6604166666666667 0.078125 0.10972222222222222
27 0.30416666666666664 0.16805555555555557 0.08333333333333333 0.1111111111111111
93 0.7375 0.41597222222222224 0.11041666666666666 0.10694444444444444
42 0.8015625 0.6090277777777777 0.09479166666666666 0.1125
19 0.7036458333333333 0.75625 0.08854166666666667 0.11527777777777778
18 0.4041666666666667 0.8201388888888889 0.1 0.1375
40 0.23020833333333332 0.19791666666666666 0.07291666666666667 0.10138888888888889
18 0.36770833333333336 0.33402777777777776 0.14166666666666666 0.18472222222222223
42 0.8057291666666667 0.36041666666666666 0.09479166666666666 0.10972222222222222
93 0.7239583333333334 0.6631944444444444 0.1 0.12083333333333333
