15 0.39375 0.85 0.09791666666666667 0.13333333333333333
27 0.8109375 0.6541666666666667 0.078125 0.10555555555555556
72 0.5984375 0.47430555555555554 0.10729166666666666 0.1375
95 0.49635416666666665 0.8347222222222223 0.08020833333333334 0.11388888888888889
27 0.19635416666666666 0.29930555555555555 0.078125 0.10138888888888889
95 0.4901041666666667 0.6701388888888888 0.09479166666666666 0.12916666666666668
20 0.6927083333333334 0.8159722222222222 0.08958333333333333 0.12638888888888888
15 0.6203125 0.7319444444444444 0.13020833333333334 0.17222222222222222
15 0.5927083333333333 0.8486111111111111 0.09791666666666667 0.13055555555555556
20 0.25052083333333336 0.6986111111111111 0.09895833333333333 0.1361111111111111
25 0.17604166666666668 0.6548611111111111 0.07916666666666666 0.10694444444444444
20 0.2953125 0.8194444444444444 0.090625 0.11388888888888889
72 0.5963541666666666 0.33402777777777776 0.096875 0.12361111111111112
95 0.49270833333333336 0.4201388888888889 0.10208333333333333 0.1375
27 0.8244791666666667 0.5270833333333333 0.078125 0.11527777777777778
15 0.35572916666666665 0.73125 0.13020833333333334 0.17083333333333334
19 0.6885416666666667 0.33055555555555555 0.10833333333333334 0.1388888888888889
27 0.16666666666666666 0.5152777777777777 0.075 0.11666666666666667
27 0.7697916666666667 0.22361111111111112 0.07083333333333333 0.1
72 0.590625 0.2361111111111111 0.0875 0.09166666666666666
42 0.3609375 0.525 0.146875 0.1527777777777778
19 0.7104166666666667 0.46319444444444446 0.13125 0.14027777777777778
95 0.48854166666666665 0.18888888888888888 0.08125 0.12222222222222222
12 0.20520833333333333 0.8020833333333334 0.08333333333333333 0.10416666666666667
95 0.4901041666666667 0.5548611111111111 0.09895833333333333 0.12916666666666668
6 0.41302083333333334 0.24097222222222223 0.078125 0.09305555555555556
