83 0.5260416666666666 0.5256944444444445 0.21041666666666667 0.27361111111111114
94 0.7057291666666666 0.6729166666666667 0.090625 0.12361111111111112
94 0.39375 0.6847222222222222 0.09583333333333334 0.11944444444444445
83 0.6802083333333333 0.2902777777777778 0.16666666666666666 0.20277777777777778
75 0.6916666666666667 0.5131944444444444 0.1375 0.24027777777777778
75 0.3453125 0.49722222222222223 0.15729166666666666 0.2388888888888889
83 0.34479166666666666 0.27847222222222223 0.1625 0.2013888888888889
94 0.5916666666666667 0.6930555555555555 0.1125 0.11666666666666667
94 0.31354166666666666 0.66875 0.08125 0.13194444444444445
75 0.5036458333333333 0.29791666666666666 0.18229166666666666 0.19583333333333333
94 0.490625 0.7041666666666667 0.10625 0.10555555555555556
