45 0.3307291666666667 0.12013888888888889 0.109375 0.09027777777777778
45 0.8546875 0.6625 0.065625 0.11944444444444445
45 0.25104166666666666 0.29791666666666666 0.11666666666666667 0.15138888888888888
45 0.2552083333333333 0.7340277777777777 0.12083333333333333 0.15694444444444444
45 0.5661458333333333 0.06805555555555555 0.115625 0.05555555555555555
45 0.8229166666666666 0.2361111111111111 0.075 0.1
45 0.6104166666666667 0.8909722222222223 0.15 0.09861111111111111
45 0.8020833333333334 0.8375 0.06666666666666667 0.08333333333333333
45 0.8291666666666667 0.7666666666666667 0.075 0.11666666666666667
45 0.29322916666666665 0.19166666666666668 0.121875 0.125
45 0.28489583333333335 0.8354166666666667 0.115625 0.10972222222222222
45 0.24635416666666668 0.5833333333333334 0.128125 0.16666666666666666
45 0.5838541666666667 0.12013888888888889 0.15104166666666666 0.08194444444444444
45 0.8651041666666667 0.5486111111111112 0.06354166666666666 0.12222222222222222
45 0.8578125 0.41944444444444445 0.071875 0.1388888888888889
45 0.6395833333333333 0.5902777777777778 0.20833333333333334 0.2833333333333333
45 0.6223958333333334 0.3701388888888889 0.20520833333333333 0.20972222222222223
45 0.8479166666666667 0.3173611111111111 0.07291666666666667 0.10138888888888889
45 0.5828125 0.9527777777777777 0.12604166666666666 0.06111111111111111
45 0.7979166666666667 0.175 0.07291666666666667 0.08055555555555556
45 0.6208333333333333 0.7909722222222222 0.17916666666666667 0.14305555555555555
45 0.23489583333333333 0.4270833333333333 0.115625 0.14583333333333334
45 0.31979166666666664 0.9090277777777778 0.10833333333333334 0.09583333333333334
45 0.5958333333333333 0.20208333333333334 0.16875 0.13194444444444445
