17 0.6239583333333333 0.6090277777777777 0.1375 0.16527777777777777
17 0.571875 0.15555555555555556 0.0875 0.125
100 0.4817708333333333 0.24583333333333332 0.08020833333333334 0.08611111111111111
101 0.37395833333333334 0.8173611111111111 0.1 0.11805555555555555
100 0.47552083333333334 0.6833333333333333 0.08645833333333333 0.10277777777777777
17 0.5958333333333333 0.7631944444444444 0.1125 0.1597222222222222
101 0.3578125 0.7201388888888889 0.11145833333333334 0.13472222222222222
100 0.4890625 0.33541666666666664 0.08854166666666667 0.10694444444444444
17 0.6171875 0.4222222222222222 0.13854166666666667 0.1638888888888889
100 0.4859375 0.4486111111111111 0.09270833333333334 0.11944444444444445
101 0.353125 0.5784722222222223 0.13125 0.15138888888888888
100 0.48125 0.7722222222222223 0.07916666666666666 0.08333333333333333
101 0.375 0.2743055555555556 0.11666666666666667 0.1486111111111111
17 0.6046875 0.25555555555555554 0.11354166666666667 0.16944444444444445
17 0.5713541666666667 0.85625 0.090625 0.12916666666666668
101 0.35520833333333335 0.41597222222222224 0.13125 0.15416666666666667
101 0.3859375 0.1736111111111111 0.09479166666666666 0.1111111111111111
100 0.4890625 0.575 0.09479166666666666 0.11944444444444445
