27 0.36822916666666666 0.7916666666666666 0.10729166666666666 0.14444444444444443
17 0.7432291666666667 0.46111111111111114 0.115625 0.13055555555555556
25 0.8177083333333334 0.34444444444444444 0.08125 0.10833333333333334
17 0.721875 0.71875 0.10416666666666667 0.12916666666666668
17 0.7046875 0.21805555555555556 0.09270833333333334 0.12222222222222222
24 0.5052083333333334 0.3368055555555556 0.10833333333333334 0.16805555555555557
23 0.23020833333333332 0.8041666666666667 0.075 0.1
24 0.5083333333333333 0.49722222222222223 0.1125 0.14722222222222223
25 0.8317708333333333 0.46805555555555556 0.08229166666666667 0.12222222222222222
23 0.1828125 0.34444444444444444 0.084375 0.11666666666666667
22 0.6197916666666666 0.3263888888888889 0.11875 0.15833333333333333
24 0.5005208333333333 0.8548611111111111 0.08854166666666667 0.10138888888888889
15 0.2630208333333333 0.33402777777777776 0.10520833333333333 0.1375
27 0.3890625 0.1673611111111111 0.09895833333333333 0.12916666666666668
22 0.5963541666666666 0.8361111111111111 0.08854166666666667 0.1111111111111111
27 0.3927083333333333 0.88125 0.08541666666666667 0.10694444444444444
25 0.7875 0.2375 0.07708333333333334 0.1
27 0.359375 0.2881944444444444 0.12291666666666666 0.16527777777777777
24 0.49895833333333334 0.7590277777777777 0.10208333333333333 0.15694444444444444
15 0.2796875 0.7284722222222222 0.09479166666666666 0.11805555555555555
25 0.8020833333333334 0.7152777777777778 0.07916666666666666 0.11388888888888889
17 0.6916666666666667 0.8180555555555555 0.08541666666666667 0.10833333333333334
23 0.1921875 0.7055555555555556 0.084375 0.1111111111111111
24 0.503125 0.20902777777777778 0.09791666666666667 0.14027777777777778
22 0.6114583333333333 0.7409722222222223 0.10833333333333334 0.15138888888888888
15 0.30364583333333334 0.8347222222222223 0.07395833333333333 0.10833333333333334
25 0.7703125 0.8104166666666667 0.071875 0.09027777777777778
27 0.3484375 0.6506944444444445 0.13229166666666667 0.16527777777777777
