49 0.5015625 0.6465277777777778 0.153125 0.17916666666666667
32 0.596875 0.4986111111111111 0.13541666666666666 0.19166666666666668
76 0.296875 0.5423611111111111 0.06041666666666667 0.10138888888888889
36 0.5770833333333333 0.3770833333333333 0.07083333333333333 0.07361111111111111
79 0.4427083333333333 0.4875 0.12916666666666668 0.18333333333333332
68 0.3729166666666667 0.5423611111111111 0.06875 0.10972222222222222
54 0.3765625 0.35208333333333336 0.06979166666666667 0.09027777777777778
15 0.47708333333333336 0.19652777777777777 0.07916666666666666 0.09583333333333334
76 0.31666666666666665 0.7194444444444444 0.05625 0.08055555555555556
36 0.64375 0.3958333333333333 0.0625 0.08333333333333333
70 0.6104166666666667 0.7111111111111111 0.12916666666666668 0.15833333333333333
80 0.31927083333333334 0.3229166666666667 0.078125 0.12638888888888888
55 0.47552083333333334 0.2861111111111111 0.10520833333333333 0.175
68 0.6973958333333333 0.42777777777777776 0.059375 0.09722222222222222
70 0.6921875 0.5743055555555555 0.103125 0.1875
76 0.30520833333333336 0.44305555555555554 0.06458333333333334 0.1
54 0.3932291666666667 0.2826388888888889 0.06354166666666666 0.07361111111111111
46 0.5666666666666667 0.3090277777777778 0.06666666666666667 0.0763888888888889
68 0.6869791666666667 0.3388888888888889 0.05520833333333333 0.08333333333333333
47 0.6328125 0.32222222222222224 0.059375 0.07222222222222222
76 0.3046875 0.6381944444444444 0.059375 0.09305555555555556
31 0.39114583333333336 0.7 0.11979166666666667 0.15555555555555556
