102 0.5114583333333333 0.6180555555555556 0.11666666666666667 0.06944444444444445
102 0.5104166666666666 0.7305555555555555 0.11041666666666666 0.06111111111111111
102 0.5114583333333333 0.6777777777777778 0.1125 0.06111111111111111
102 0.5109375 0.5520833333333334 0.11979166666666667 0.07361111111111111
102 0.5104166666666666 0.35208333333333336 0.12291666666666666 0.06527777777777778
102 0.6213541666666667 0.3 0.096875 0.06944444444444445
102 0.5098958333333333 0.41458333333333336 0.12395833333333334 0.07361111111111111
102 0.63125 0.41805555555555557 0.1 0.06944444444444445
102 0.5109375 0.48333333333333334 0.12604166666666666 0.07777777777777778
102 0.6286458333333333 0.3611111111111111 0.10104166666666667 0.05277777777777778
102 0.39427083333333335 0.675 0.096875 0.058333333333333334
102 0.3890625 0.6173611111111111 0.096875 0.0625
102 0.3848958333333333 0.4875 0.09895833333333333 0.07222222222222222
102 0.384375 0.5555555555555556 0.10208333333333333 0.06666666666666667
102 0.5083333333333333 0.29583333333333334 0.11666666666666667 0.06944444444444445
102 0.3880208333333333 0.41944444444444445 0.09895833333333333 0.06944444444444445
102 0.6291666666666667 0.6041666666666666 0.09583333333333334 0.06388888888888888
102 0.6223958333333334 0.6645833333333333 0.09270833333333334 0.0625
102 0.4010416666666667 0.7263888888888889 0.09791666666666667 0.06111111111111111
102 0.63125 0.47847222222222224 0.09791666666666667 0.06527777777777778
102 0.3963541666666667 0.29444444444444445 0.09479166666666666 0.06944444444444445
102 0.3890625 0.35625 0.09895833333333333 0.0763888888888889
102 0.6328125 0.5430555555555555 0.096875 0.06666666666666667
102 0.615625 0.7208333333333333 0.09375 0.06944444444444445
