14 0.7994791666666666 0.7201388888888889 0.07604166666666666 0.10694444444444444
72 0.615625 0.5263888888888889 0.10833333333333334 0.13333333333333333
20 0.265625 0.2923611111111111 0.1125 0.14583333333333334
72 0.5973958333333333 0.7555555555555555 0.09479166666666666 0.09722222222222222
71 0.484375 0.6631944444444444 0.10833333333333334 0.13194444444444445
12 0.21354166666666666 0.8229166666666666 0.07708333333333334 0.09583333333333334
15 0.3411458333333333 0.44305555555555554 0.15104166666666666 0.16666666666666666
71 0.4864583333333333 0.76875 0.09375 0.09583333333333334
20 0.23333333333333334 0.4486111111111111 0.11666666666666667 0.15
71 0.4979166666666667 0.18055555555555555 0.0875 0.08611111111111111
12 0.1453125 0.6118055555555556 0.08229166666666667 0.10972222222222222
20 0.29270833333333335 0.8368055555555556 0.08333333333333333 0.10694444444444444
20 0.2598958333333333 0.7340277777777777 0.103125 0.13194444444444445
15 0.3651041666666667 0.7722222222222223 0.121875 0.16111111111111112
19 0.709375 0.60625 0.12916666666666668 0.1375
72 0.6182291666666667 0.39652777777777776 0.10520833333333333 0.12638888888888888
71 0.49895833333333334 0.3875 0.10833333333333334 0.1388888888888889
20 0.2328125 0.5979166666666667 0.10729166666666666 0.14305555555555555
12 0.17135416666666667 0.7256944444444444 0.084375 0.1125
14 0.8359375 0.46875 0.07395833333333333 0.12361111111111112
14 0.8276041666666667 0.5986111111111111 0.07604166666666666 0.12222222222222222
72 0.5708333333333333 0.83125 0.07916666666666666 0.0763888888888889
14 0.8192708333333333 0.34097222222222223 0.07604166666666666 0.1125
19 0.6708333333333333 0.83125 0.08958333333333333 0.10694444444444444
12 0.15625 0.3458333333333333 0.09166666666666666 0.11388888888888889
19 0.7197916666666667 0.46875 0.11875 0.12916666666666668
19 0.6947916666666667 0.7381944444444445 0.11458333333333333 0.14305555555555555
71 0.47604166666666664 0.5277777777777778 0.1125 0.14722222222222223
72 0.5942708333333333 0.6506944444444445 0.10104166666666667 0.12916666666666668
72 0.5942708333333333 0.28402777777777777 0.09479166666666666 0.11527777777777778
19 0.7072916666666667 0.33541666666666664 0.11875 0.13194444444444445
14 0.7671875 0.8097222222222222 0.071875 0.09166666666666666
71 0.48802083333333335 0.26944444444444443 0.09895833333333333 0.11388888888888889
15 0.40625 0.8798611111111111 0.08958333333333333 0.12638888888888888
12 0.1921875 0.22847222222222222 0.08854166666666667 0.11527777777777778
15 0.34010416666666665 0.6166666666666667 0.146875 0.17222222222222222
12 0.1390625 0.48194444444444445 0.08645833333333333 0.10277777777777777
71 0.49166666666666664 0.8416666666666667 0.08125 0.07222222222222222
