45 0.31354166666666666 0.21875 0.08541666666666667 0.09583333333333334
54 0.6630208333333333 0.8444444444444444 0.08229166666666667 0.06944444444444445
5 0.8510416666666667 0.49444444444444446 0.041666666666666664 0.08055555555555556
71 0.8005208333333333 0.4583333333333333 0.06354166666666666 0.14444444444444443
5 0.7802083333333333 0.7895833333333333 0.05 0.07083333333333333
54 0.7432291666666667 0.5548611111111111 0.09270833333333334 0.1736111111111111
35 0.771875 0.7305555555555555 0.06875 0.10833333333333334
5 0.8166666666666667 0.7069444444444445 0.052083333333333336 0.07777777777777778
71 0.7317708333333334 0.8138888888888889 0.06770833333333333 0.08055555555555556
45 0.6880208333333333 0.7854166666666667 0.10729166666666666 0.10138888888888889
67 0.22447916666666667 0.39444444444444443 0.06770833333333333 0.15555555555555556
45 0.7166666666666667 0.6958333333333333 0.1125 0.13333333333333333
72 0.7979166666666667 0.6090277777777777 0.0625 0.1375
5 0.8432291666666667 0.60625 0.046875 0.08194444444444444
67 0.25833333333333336 0.25555555555555554 0.06458333333333334 0.11666666666666667
45 0.28802083333333334 0.3020833333333333 0.084375 0.11805555555555555
