54 0.21875 0.5972222222222222 0.04791666666666667 0.1
68 0.5213541666666667 0.21666666666666667 0.121875 0.1
62 0.7817708333333333 0.4979166666666667 0.09479166666666666 0.12916666666666668
73 0.7072916666666667 0.49166666666666664 0.09583333333333334 0.10555555555555556
76 0.3927083333333333 0.6909722222222222 0.1375 0.17916666666666667
67 0.321875 0.7951388888888888 0.09791666666666667 0.12916666666666668
72 0.8395833333333333 0.5180555555555556 0.04375 0.11666666666666667
60 0.7786458333333334 0.625 0.078125 0.11388888888888889
54 0.2546875 0.26805555555555555 0.053125 0.07222222222222222
64 0.521875 0.7166666666666667 0.1125 0.11666666666666667
54 0.2140625 0.4965277777777778 0.042708333333333334 0.10416666666666667
73 0.6755208333333333 0.7486111111111111 0.078125 0.08611111111111111
60 0.7723958333333333 0.36666666666666664 0.08854166666666667 0.11388888888888889
62 0.7463541666666667 0.7298611111111111 0.084375 0.12083333333333333
61 0.228125 0.3284722222222222 0.035416666666666666 0.08194444444444444
5 0.22708333333333333 0.6923611111111111 0.06458333333333334 0.0875
41 0.65 0.8152777777777778 0.0875 0.08888888888888889
35 0.8333333333333334 0.40625 0.05 0.10694444444444444
35 0.8307291666666666 0.6284722222222222 0.04895833333333333 0.10694444444444444
72 0.778125 0.7895833333333333 0.05 0.06805555555555555
71 0.8088541666666667 0.3034722222222222 0.065625 0.10694444444444444
81 0.5307291666666667 0.8159722222222222 0.14479166666666668 0.10138888888888889
60 0.7213541666666666 0.8041666666666667 0.06145833333333333 0.08055555555555556
61 0.2140625 0.4048611111111111 0.03854166666666667 0.0875
67 0.27447916666666666 0.3590277777777778 0.10520833333333333 0.18194444444444444
65 0.41458333333333336 0.8354166666666667 0.09375 0.05694444444444444
66 0.39791666666666664 0.7902777777777777 0.10833333333333334 0.08055555555555556
69 0.38125 0.2659722222222222 0.10833333333333334 0.12638888888888888
60 0.2791666666666667 0.6944444444444444 0.06875 0.1111111111111111
63 0.6895833333333333 0.6354166666666666 0.11458333333333333 0.16805555555555557
71 0.8041666666666667 0.7201388888888889 0.058333333333333334 0.09027777777777778
5 0.25416666666666665 0.7763888888888889 0.058333333333333334 0.08333333333333333
