37 0.31875 0.12430555555555556 0.09166666666666666 0.11527777777777778
37 0.45 0.8513888888888889 0.11458333333333333 0.10277777777777777
37 0.715625 0.11875 0.09375 0.10972222222222222
37 0.7932291666666667 0.7715277777777778 0.06979166666666667 0.10694444444444444
37 0.8598958333333333 0.46458333333333335 0.059375 0.13472222222222222
37 0.4630208333333333 0.07291666666666667 0.115625 0.10694444444444444
37 0.23072916666666668 0.17152777777777778 0.06979166666666667 0.1125
37 0.3104166666666667 0.7972222222222223 0.09166666666666666 0.11666666666666667
37 0.17239583333333333 0.47430555555555554 0.051041666666666666 0.13194444444444445
37 0.5895833333333333 0.8527777777777777 0.11458333333333333 0.10277777777777777
