69 0.37552083333333336 0.14166666666666666 0.115625 0.1111111111111111
6 0.7302083333333333 0.8326388888888889 0.0875 0.1125
71 0.20208333333333334 0.8479166666666667 0.07708333333333334 0.09583333333333334
71 0.16041666666666668 0.7583333333333333 0.06666666666666667 0.11388888888888889
71 0.8213541666666667 0.8229166666666666 0.07395833333333333 0.10138888888888889
69 0.6296875 0.8784722222222222 0.11979166666666667 0.12083333333333333
6 0.2791666666666667 0.18125 0.0875 0.11527777777777778
69 0.42135416666666664 0.89375 0.12604166666666666 0.09861111111111111
69 0.6026041666666667 0.13958333333333334 0.121875 0.11527777777777778
71 0.8572916666666667 0.7229166666666667 0.06666666666666667 0.12083333333333333
6 0.2916666666666667 0.8534722222222222 0.09583333333333334 0.10694444444444444
