102 0.34479166666666666 0.7597222222222222 0.12291666666666666 0.075
102 0.5015625 0.8131944444444444 0.15520833333333334 0.07916666666666666
102 0.6588541666666666 0.6986111111111111 0.11979166666666667 0.08055555555555556
102 0.5020833333333333 0.2263888888888889 0.15208333333333332 0.08611111111111111
102 0.78125 0.5201388888888889 0.04583333333333333 0.1986111111111111
102 0.321875 0.4097222222222222 0.11666666666666667 0.09722222222222222
102 0.33645833333333336 0.6618055555555555 0.11458333333333333 0.11527777777777778
102 0.6848958333333334 0.4354166666666667 0.084375 0.22083333333333333
102 0.31979166666666664 0.5263888888888889 0.12916666666666668 0.10555555555555556
102 0.22291666666666668 0.4625 0.05 0.20555555555555555
102 0.5098958333333333 0.6902777777777778 0.13854166666666667 0.19722222222222222
102 0.2359375 0.6770833333333334 0.06145833333333333 0.19305555555555556
102 0.7546875 0.3013888888888889 0.06770833333333333 0.1638888888888889
102 0.6609375 0.26805555555555555 0.12604166666666666 0.09166666666666666
102 0.2598958333333333 0.2590277777777778 0.08020833333333334 0.17916666666666667
102 0.4942708333333333 0.43333333333333335 0.134375 0.24166666666666667
102 0.75 0.7277777777777777 0.05625 0.16944444444444445
102 0.33958333333333335 0.26319444444444445 0.1125 0.17916666666666667
