31 0.35833333333333334 0.7944444444444444 0.22916666666666666 0.2388888888888889
68 0.17916666666666667 0.45555555555555555 0.04375 0.14444444444444443
68 0.22291666666666668 0.7347222222222223 0.06875 0.12777777777777777
89 0.41510416666666666 0.1875 0.253125 0.21388888888888888
68 0.6510416666666666 0.8034722222222223 0.10833333333333334 0.12361111111111112
98 0.5338541666666666 0.5868055555555556 0.3385416666666667 0.44027777777777777
68 0.19583333333333333 0.5986111111111111 0.0625 0.15
68 0.5291666666666667 0.83125 0.1375 0.0875
98 0.6588541666666666 0.25555555555555554 0.22604166666666667 0.2777777777777778
30 0.2916666666666667 0.46944444444444444 0.19791666666666666 0.38055555555555554
30 0.7708333333333334 0.5506944444444445 0.1625 0.3486111111111111
