68 0.634375 0.5361111111111111 0.13125 0.2
66 0.7364583333333333 0.6777777777777778 0.08333333333333333 0.10277777777777777
61 0.28541666666666665 0.7069444444444445 0.07708333333333334 0.10277777777777777
54 0.2604166666666667 0.5993055555555555 0.06875 0.13194444444444445
67 0.265625 0.23402777777777778 0.06041666666666667 0.09583333333333334
61 0.3375 0.8256944444444444 0.07916666666666666 0.06805555555555555
34 0.7442708333333333 0.4895833333333333 0.084375 0.10416666666666667
36 0.6385416666666667 0.36527777777777776 0.11875 0.14722222222222223
82 0.5322916666666667 0.7347222222222223 0.09791666666666667 0.10277777777777777
82 0.5416666666666666 0.20625 0.08125 0.0763888888888889
81 0.3885416666666667 0.6555555555555556 0.15208333333333332 0.20833333333333334
61 0.30833333333333335 0.7743055555555556 0.0875 0.09027777777777778
67 0.2713541666666667 0.7819444444444444 0.06770833333333333 0.10555555555555556
53 0.8333333333333334 0.46111111111111114 0.08958333333333333 0.13055555555555556
47 0.6286458333333333 0.7923611111111111 0.08854166666666667 0.08472222222222223
45 0.3145833333333333 0.21041666666666667 0.075 0.0875
82 0.5302083333333333 0.8111111111111111 0.08125 0.06388888888888888
53 0.775 0.7833333333333333 0.07708333333333334 0.09166666666666666
66 0.7020833333333333 0.7923611111111111 0.07708333333333334 0.07083333333333333
34 0.7234375 0.3034722222222222 0.090625 0.09861111111111111
47 0.6442708333333333 0.6965277777777777 0.10520833333333333 0.12638888888888888
33 0.7390625 0.5923611111111111 0.090625 0.10694444444444444
45 0.2947916666666667 0.27847222222222223 0.08541666666666667 0.12083333333333333
65 0.7432291666666667 0.3840277777777778 0.08020833333333334 0.10972222222222222
67 0.21041666666666667 0.5069444444444444 0.04375 0.1638888888888889
67 0.22760416666666666 0.6625 0.059375 0.14166666666666666
67 0.2328125 0.35208333333333336 0.07604166666666666 0.14583333333333334
53 0.8140625 0.3368055555555556 0.090625 0.12361111111111112
53 0.8328125 0.5909722222222222 0.08854166666666667 0.12638888888888888
53 0.8072916666666666 0.7027777777777777 0.08541666666666667 0.11388888888888889
54 0.2625 0.46458333333333335 0.07083333333333333 0.14305555555555555
82 0.5182291666666666 0.6076388888888888 0.11354166666666667 0.15138888888888888
81 0.4171875 0.8 0.12604166666666666 0.11388888888888889
69 0.7177083333333333 0.7458333333333333 0.08125 0.08333333333333333
81 0.40208333333333335 0.23680555555555555 0.13125 0.14583333333333334
