88 0.6604166666666667 0.2847222222222222 0.13125 0.06944444444444445
31 0.45260416666666664 0.5166666666666667 0.19895833333333332 0.26944444444444443
88 0.6817708333333333 0.5631944444444444 0.14270833333333333 0.0763888888888889
88 0.6786458333333333 0.4875 0.13020833333333334 0.07777777777777778
100 0.5802083333333333 0.4625 0.08125 0.12222222222222222
100 0.5609375 0.25 0.071875 0.08611111111111111
88 0.6786458333333333 0.41180555555555554 0.14479166666666668 0.0763888888888889
100 0.565625 0.3472222222222222 0.08541666666666667 0.1111111111111111
88 0.6739583333333333 0.34305555555555556 0.14166666666666666 0.075
88 0.6614583333333334 0.6402777777777777 0.15833333333333333 0.08611111111111111
100 0.5739583333333333 0.5875 0.08125 0.11666666666666667
98 0.4453125 0.2875 0.17395833333333333 0.18888888888888888
