20 0.7770833333333333 0.5111111111111111 0.10416666666666667 0.1527777777777778
15 0.20572916666666666 0.7215277777777778 0.07395833333333333 0.10694444444444444
20 0.7609375 0.66875 0.10104166666666667 0.1375
97 0.5161458333333333 0.7319444444444444 0.140625 0.24166666666666667
39 0.7395833333333334 0.8006944444444445 0.09583333333333334 0.10972222222222222
51 0.2635416666666667 0.7659722222222223 0.11041666666666666 0.14305555555555555
20 0.7432291666666667 0.2798611111111111 0.08854166666666667 0.13194444444444445
51 0.6692708333333334 0.7118055555555556 0.14895833333333333 0.19027777777777777
97 0.5239583333333333 0.90625 0.11041666666666666 0.15138888888888888
39 0.6432291666666666 0.19652777777777777 0.11770833333333333 0.1486111111111111
0 0.3145833333333333 0.5125 0.08125 0.11666666666666667
96 0.23854166666666668 0.45902777777777776 0.058333333333333334 0.10416666666666667
97 0.6489583333333333 0.8770833333333333 0.1125 0.1625
39 0.6692708333333334 0.3402777777777778 0.14895833333333333 0.18888888888888888
51 0.3854166666666667 0.8458333333333333 0.12083333333333333 0.18333333333333332
20 0.7151041666666667 0.17708333333333334 0.06354166666666666 0.10694444444444444
51 0.690625 0.525 0.15416666666666667 0.15555555555555556
39 0.6119791666666666 0.10972222222222222 0.090625 0.1111111111111111
