72 0.41770833333333335 0.1388888888888889 0.10625 0.09166666666666666
53 0.778125 0.24583333333333332 0.08541666666666667 0.11388888888888889
45 0.5244791666666667 0.7986111111111112 0.153125 0.08611111111111111
71 0.7880208333333333 0.6125 0.08020833333333334 0.14444444444444443
63 0.5520833333333334 0.46319444444444446 0.16458333333333333 0.22083333333333333
61 0.4171875 0.22777777777777777 0.13020833333333334 0.12777777777777777
54 0.25885416666666666 0.2569444444444444 0.053125 0.08333333333333333
67 0.7598958333333333 0.43680555555555556 0.115625 0.22083333333333333
47 0.5552083333333333 0.28888888888888886 0.11875 0.1361111111111111
67 0.221875 0.5333333333333333 0.06666666666666667 0.1638888888888889
44 0.7005208333333334 0.28402777777777777 0.09270833333333334 0.16805555555555557
67 0.22239583333333332 0.3763888888888889 0.06145833333333333 0.15
5 0.8375 0.55625 0.06875 0.08472222222222223
35 0.765625 0.7305555555555555 0.07916666666666666 0.10833333333333334
61 0.3890625 0.3763888888888889 0.16145833333333334 0.16944444444444445
5 0.8119791666666667 0.7222222222222222 0.04895833333333333 0.07777777777777778
45 0.509375 0.8916666666666667 0.09791666666666667 0.027777777777777776
5 0.7770833333333333 0.7909722222222222 0.05416666666666667 0.07361111111111111
45 0.5036458333333333 0.6756944444444445 0.190625 0.17083333333333334
5 0.8390625 0.42777777777777776 0.06354166666666666 0.08333333333333333
60 0.5135416666666667 0.15 0.07708333333333334 0.125
54 0.721875 0.7979166666666667 0.06458333333333334 0.08194444444444444
45 0.5078125 0.8555555555555555 0.11979166666666667 0.04722222222222222
71 0.2765625 0.36180555555555555 0.08854166666666667 0.18194444444444444
44 0.34479166666666666 0.7506944444444444 0.10625 0.1763888888888889
50 0.27447916666666666 0.7319444444444444 0.08645833333333333 0.14722222222222223
