67 0.8567708333333334 0.49375 0.07604166666666666 0.19305555555555556
67 0.14635416666666667 0.4444444444444444 0.07604166666666666 0.18888888888888888
61 0.6036458333333333 0.18472222222222223 0.16770833333333332 0.16666666666666666
61 0.5578125 0.04861111111111111 0.11979166666666667 0.04722222222222222
61 0.5770833333333333 0.09236111111111112 0.14375 0.0763888888888889
54 0.76875 0.21736111111111112 0.07708333333333334 0.11527777777777778
67 0.79375 0.17291666666666666 0.08541666666666667 0.12361111111111112
67 0.165625 0.26666666666666666 0.075 0.15555555555555556
54 0.8010416666666667 0.34375 0.07916666666666666 0.15416666666666667
67 0.21458333333333332 0.1451388888888889 0.07291666666666667 0.09861111111111111
67 0.8458333333333333 0.31180555555555556 0.07291666666666667 0.1736111111111111
54 0.7041666666666667 0.13472222222222222 0.0875 0.10555555555555556
60 0.21614583333333334 0.33055555555555555 0.109375 0.1388888888888889
60 0.2390625 0.2222222222222222 0.090625 0.12777777777777777
60 0.2765625 0.14027777777777778 0.08229166666666667 0.10833333333333334
