69 0.3640625 0.7756944444444445 0.14270833333333333 0.14027777777777778
35 0.8229166666666666 0.8131944444444444 0.05625 0.09027777777777778
72 0.8125 0.6048611111111111 0.1 0.16527777777777777
1 0.659375 0.7409722222222223 0.1375 0.17083333333333334
72 0.7942708333333334 0.7493055555555556 0.090625 0.13472222222222222
6 0.246875 0.7041666666666667 0.09375 0.14722222222222223
72 0.7880208333333333 0.2569444444444444 0.09270833333333334 0.15
35 0.8557291666666667 0.7173611111111111 0.057291666666666664 0.12083333333333333
1 0.628125 0.8736111111111111 0.1125 0.10555555555555556
71 0.18854166666666666 0.8118055555555556 0.07708333333333334 0.09027777777777778
72 0.7546875 0.8513888888888889 0.090625 0.10555555555555556
35 0.8760416666666667 0.42777777777777776 0.052083333333333336 0.13333333333333333
6 0.28020833333333334 0.8270833333333333 0.08958333333333333 0.10694444444444444
72 0.8166666666666667 0.43194444444444446 0.0875 0.175
1 0.6848958333333334 0.5409722222222222 0.146875 0.20972222222222223
71 0.15572916666666667 0.7201388888888889 0.06979166666666667 0.12638888888888888
69 0.3802083333333333 0.8638888888888889 0.12291666666666666 0.09166666666666666
35 0.8796875 0.5631944444444444 0.046875 0.12916666666666668
0 0.6416666666666667 0.18263888888888888 0.11875 0.13194444444444445
