30 0.321875 0.7277777777777777 0.12083333333333333 0.17777777777777778
50 0.4083333333333333 0.675 0.13958333333333334 0.17777777777777778
32 0.6645833333333333 0.47847222222222224 0.13958333333333334 0.22361111111111112
31 0.7098958333333333 0.7201388888888889 0.11770833333333333 0.17916666666666667
22 0.46770833333333334 0.21875 0.09791666666666667 0.15138888888888888
30 0.7119791666666667 0.3402777777777778 0.11979166666666667 0.18888888888888888
32 0.3390625 0.4965277777777778 0.13229166666666667 0.21805555555555556
50 0.6182291666666667 0.6798611111111111 0.13645833333333332 0.1763888888888889
30 0.3109375 0.34305555555555556 0.11770833333333333 0.18611111111111112
19 0.4317708333333333 0.8458333333333333 0.096875 0.15555555555555556
