34 0.76875 0.4708333333333333 0.04791666666666667 0.10277777777777777
34 0.3458333333333333 0.7090277777777778 0.075 0.10138888888888889
34 0.51875 0.7236111111111111 0.05625 0.12222222222222222
34 0.7390625 0.7034722222222223 0.06145833333333333 0.10138888888888889
34 0.2682291666666667 0.3909722222222222 0.06354166666666666 0.1125
34 0.26666666666666666 0.5729166666666666 0.06875 0.11527777777777778
34 0.7411458333333333 0.25069444444444444 0.057291666666666664 0.10138888888888889
34 0.6057291666666667 0.7166666666666667 0.065625 0.11666666666666667
34 0.4265625 0.7291666666666666 0.09479166666666666 0.10555555555555556
34 0.42916666666666664 0.23402777777777778 0.07916666666666666 0.10972222222222222
34 0.2947916666666667 0.24583333333333332 0.06875 0.08888888888888889
34 0.29010416666666666 0.7097222222222223 0.06770833333333333 0.1
34 0.6536458333333334 0.2298611111111111 0.059375 0.10694444444444444
34 0.5135416666666667 0.21944444444444444 0.0875 0.10277777777777777
