29 0.5744791666666667 0.3486111111111111 0.121875 0.2861111111111111
4 0.2546875 0.7493055555555556 0.128125 0.1375
29 0.5578125 0.8236111111111111 0.09895833333333333 0.18055555555555555
3 0.7875 0.6236111111111111 0.07083333333333333 0.18611111111111112
29 0.5744791666666667 0.15 0.10104166666666667 0.17222222222222222
3 0.79375 0.41597222222222224 0.07083333333333333 0.20972222222222223
3 0.7614583333333333 0.24375 0.07708333333333334 0.16527777777777777
28 0.41458333333333336 0.6375 0.19791666666666666 0.24722222222222223
3 0.7458333333333333 0.7875 0.06875 0.15833333333333333
29 0.6151041666666667 0.6493055555555556 0.11979166666666667 0.2569444444444444
28 0.4197916666666667 0.19305555555555556 0.1375 0.19444444444444445
28 0.4359375 0.8048611111111111 0.14479166666666668 0.20694444444444443
4 0.2604166666666667 0.2423611111111111 0.13125 0.12916666666666668
4 0.228125 0.41388888888888886 0.13125 0.15833333333333333
4 0.221875 0.5868055555555556 0.12708333333333333 0.16527777777777777
28 0.421875 0.35208333333333336 0.18541666666666667 0.24305555555555555
