10 0.7078125 0.16041666666666668 0.090625 0.13194444444444445
23 0.8208333333333333 0.6756944444444445 0.07708333333333334 0.10138888888888889
24 0.6421875 0.7173611111111111 0.10104166666666667 0.13194444444444445
27 0.7984375 0.21458333333333332 0.06979166666666667 0.0875
23 0.8458333333333333 0.5590277777777778 0.06875 0.10972222222222222
19 0.5401041666666667 0.7131944444444445 0.11145833333333334 0.1736111111111111
19 0.5286458333333334 0.3763888888888889 0.115625 0.17777777777777778
10 0.2557291666666667 0.34652777777777777 0.10729166666666666 0.14583333333333334
24 0.6463541666666667 0.5909722222222222 0.11979166666666667 0.1486111111111111
10 0.7614583333333333 0.5472222222222223 0.12083333333333333 0.1388888888888889
93 0.5432291666666667 0.23055555555555557 0.09270833333333334 0.14444444444444443
51 0.3796875 0.5715277777777777 0.16145833333333334 0.19305555555555556
22 0.6364583333333333 0.30416666666666664 0.1125 0.14722222222222223
10 0.75 0.26458333333333334 0.10625 0.12916666666666668
27 0.20520833333333333 0.2826388888888889 0.08333333333333333 0.10138888888888889
51 0.36770833333333336 0.37430555555555556 0.1625 0.19305555555555556
23 0.2 0.6548611111111111 0.08125 0.10694444444444444
24 0.6265625 0.8083333333333333 0.08854166666666667 0.10833333333333334
10 0.759375 0.3993055555555556 0.12083333333333333 0.14305555555555555
25 0.17864583333333334 0.4152777777777778 0.08229166666666667 0.10833333333333334
23 0.790625 0.76875 0.06875 0.09027777777777778
58 0.38177083333333334 0.2048611111111111 0.128125 0.19027777777777777
25 0.22604166666666667 0.1875 0.05416666666666667 0.10277777777777777
27 0.8239583333333333 0.3173611111111111 0.075 0.09861111111111111
11 0.30625 0.7826388888888889 0.08125 0.10694444444444444
19 0.5390625 0.8145833333333333 0.090625 0.1125
23 0.23385416666666667 0.7638888888888888 0.07604166666666666 0.09444444444444444
27 0.8380208333333333 0.44305555555555554 0.078125 0.10555555555555556
10 0.2864583333333333 0.2111111111111111 0.09791666666666667 0.13333333333333333
11 0.26197916666666665 0.5104166666666666 0.11354166666666667 0.14027777777777778
19 0.5317708333333333 0.5534722222222223 0.11770833333333333 0.16527777777777777
58 0.44427083333333334 0.10138888888888889 0.09479166666666666 0.15
11 0.7229166666666667 0.7826388888888889 0.08541666666666667 0.10694444444444444
93 0.5364583333333334 0.13819444444444445 0.08125 0.10972222222222222
11 0.746875 0.6784722222222223 0.1 0.12083333333333333
23 0.1828125 0.5354166666666667 0.084375 0.10694444444444444
9 0.3625 0.7236111111111111 0.12291666666666666 0.15
22 0.6244791666666667 0.1909722222222222 0.08229166666666667 0.12361111111111112
24 0.6421875 0.44513888888888886 0.12395833333333334 0.1375
11 0.4005208333333333 0.8208333333333333 0.09479166666666666 0.11944444444444445
11 0.275 0.6638888888888889 0.09583333333333334 0.13333333333333333
