107 0.303125 0.20555555555555555 0.08541666666666667 0.10555555555555556
17 0.18645833333333334 0.41458333333333336 0.075 0.10694444444444444
107 0.21302083333333333 0.3055555555555556 0.07395833333333333 0.10555555555555556
17 0.20208333333333334 0.6451388888888889 0.0875 0.09861111111111111
107 0.2546875 0.4305555555555556 0.11145833333333334 0.12777777777777777
17 0.2520833333333333 0.5618055555555556 0.11041666666666666 0.12638888888888888
17 0.2791666666666667 0.3034722222222222 0.10208333333333333 0.12361111111111112
107 0.1890625 0.5263888888888889 0.08229166666666667 0.10555555555555556
107 0.22447916666666667 0.7423611111111111 0.08229166666666667 0.09861111111111111
17 0.24322916666666666 0.2152777777777778 0.065625 0.09166666666666666
