43 0.66875 0.7673611111111112 0.11458333333333333 0.1625
102 0.5166666666666667 0.5701388888888889 0.16458333333333333 0.09861111111111111
31 0.3109375 0.6159722222222223 0.16354166666666667 0.3125
104 0.209375 0.4534722222222222 0.07916666666666666 0.11805555555555555
43 0.7494791666666667 0.6534722222222222 0.07395833333333333 0.17083333333333334
104 0.22916666666666666 0.3375 0.07083333333333333 0.11666666666666667
104 0.7213541666666666 0.2986111111111111 0.08645833333333333 0.10277777777777777
104 0.740625 0.4152777777777778 0.08541666666666667 0.15555555555555556
49 0.3536458333333333 0.8388888888888889 0.14895833333333333 0.14444444444444443
102 0.5119791666666667 0.6611111111111111 0.159375 0.09166666666666666
98 0.6192708333333333 0.32569444444444445 0.178125 0.2125
98 0.33229166666666665 0.34930555555555554 0.17291666666666666 0.22916666666666666
