5 0.7875 0.47430555555555554 0.09375 0.07361111111111111
5 0.7109375 0.6569444444444444 0.08854166666666667 0.1111111111111111
5 0.7901041666666667 0.5673611111111111 0.078125 0.08194444444444444
5 0.7572916666666667 0.7333333333333333 0.07083333333333333 0.08333333333333333
5 0.7692708333333333 0.2875 0.08020833333333334 0.09166666666666666
5 0.7859375 0.37569444444444444 0.08645833333333333 0.0763888888888889
5 0.6963541666666667 0.25625 0.09270833333333334 0.11805555555555555
5 0.7140625 0.5520833333333334 0.10729166666666666 0.10416666666666667
5 0.6458333333333334 0.6736111111111112 0.09166666666666666 0.125
5 0.7130208333333333 0.3458333333333333 0.09895833333333333 0.10833333333333334
5 0.7765625 0.65625 0.07604166666666666 0.09027777777777778
5 0.6234375 0.7618055555555555 0.08229166666666667 0.1125
5 0.6947916666666667 0.7430555555555556 0.07083333333333333 0.09722222222222222
5 0.7239583333333334 0.45069444444444445 0.10208333333333333 0.0875
