94 0.25052083333333336 0.7659722222222223 0.103125 0.14583333333333334
94 0.39375 0.1840277777777778 0.15 0.12638888888888888
94 0.7473958333333334 0.7791666666666667 0.10729166666666666 0.1527777777777778
94 0.21666666666666667 0.4215277777777778 0.08333333333333333 0.1875
94 0.578125 0.6638888888888889 0.19375 0.22777777777777777
94 0.25625 0.2513888888888889 0.10416666666666667 0.16666666666666666
75 0.38229166666666664 0.4263888888888889 0.25 0.375
94 0.5541666666666667 0.20902777777777778 0.15833333333333333 0.14305555555555555
75 0.7479166666666667 0.575 0.16041666666666668 0.33055555555555555
94 0.5885416666666666 0.8263888888888888 0.15625 0.13333333333333333
75 0.7145833333333333 0.28194444444444444 0.18125 0.25277777777777777
75 0.39739583333333334 0.7479166666666667 0.23020833333333332 0.26805555555555555
94 0.5901041666666667 0.40625 0.19270833333333334 0.2569444444444444
94 0.22708333333333333 0.6145833333333334 0.1 0.19583333333333333
