35 0.8708333333333333 0.5645833333333333 0.0625 0.12916666666666668
1 0.628125 0.8673611111111111 0.1125 0.11527777777777778
72 0.7848958333333333 0.2388888888888889 0.08645833333333333 0.15
71 0.15520833333333334 0.7208333333333333 0.06875 0.125
35 0.8234375 0.8125 0.05520833333333333 0.08888888888888889
72 0.7557291666666667 0.8416666666666667 0.09479166666666666 0.125
71 0.18854166666666666 0.8125 0.07708333333333334 0.08888888888888889
69 0.36302083333333335 0.7770833333333333 0.140625 0.1375
6 0.2796875 0.8222222222222222 0.08854166666666667 0.1111111111111111
35 0.8458333333333333 0.7159722222222222 0.075 0.12638888888888888
69 0.3796875 0.8631944444444445 0.12395833333333334 0.09027777777777778
