35 0.4119791666666667 0.24305555555555555 0.08854166666666667 0.10833333333333334
35 0.6145833333333334 0.23680555555555555 0.08541666666666667 0.10416666666666667
35 0.7645833333333333 0.2986111111111111 0.058333333333333334 0.1
35 0.59375 0.8402777777777778 0.08333333333333333 0.08888888888888889
35 0.7885416666666667 0.5444444444444444 0.0625 0.1
35 0.26927083333333335 0.7604166666666666 0.06354166666666666 0.0875
35 0.4901041666666667 0.8479166666666667 0.08020833333333334 0.09027777777777778
35 0.4010416666666667 0.8333333333333334 0.08125 0.08888888888888889
35 0.2598958333333333 0.30416666666666664 0.059375 0.09166666666666666
35 0.3296875 0.2659722222222222 0.07395833333333333 0.09861111111111111
35 0.2421875 0.5965277777777778 0.06145833333333333 0.09861111111111111
35 0.528125 0.23055555555555557 0.08958333333333333 0.10833333333333334
35 0.7479166666666667 0.7666666666666667 0.0625 0.09166666666666666
35 0.6734375 0.8166666666666667 0.07395833333333333 0.08888888888888889
35 0.240625 0.4513888888888889 0.06458333333333334 0.1
