35 0.865625 0.625 0.07083333333333333 0.13055555555555556
5 0.32083333333333336 0.3888888888888889 0.23541666666666666 0.2722222222222222
35 0.8177083333333334 0.21805555555555556 0.07291666666666667 0.125
35 0.8666666666666667 0.40069444444444446 0.06875 0.13472222222222222
5 0.3536458333333333 0.8243055555555555 0.16145833333333334 0.24027777777777778
35 0.6161458333333333 0.12291666666666666 0.14479166666666668 0.14027777777777778
35 0.65625 0.4173611111111111 0.21458333333333332 0.30972222222222223
5 0.19010416666666666 0.8 0.08645833333333333 0.11944444444444445
35 0.8239583333333333 0.7916666666666666 0.07291666666666667 0.11388888888888889
5 0.41822916666666665 0.11319444444444444 0.12604166666666666 0.20416666666666666
5 0.209375 0.19166666666666668 0.09375 0.11666666666666667
35 0.6192708333333333 0.8520833333333333 0.16770833333333332 0.1736111111111111
5 0.14114583333333333 0.5756944444444444 0.10520833333333333 0.11527777777777778
5 0.1546875 0.36944444444444446 0.109375 0.13333333333333333
