72 0.803125 0.32013888888888886 0.09375 0.15694444444444444
72 0.8072916666666666 0.6541666666666667 0.09583333333333334 0.15833333333333333
41 0.4432291666666667 0.9104166666666667 0.115625 0.07916666666666666
6 0.22291666666666668 0.4 0.09375 0.15833333333333333
72 0.7359375 0.8763888888888889 0.08645833333333333 0.09444444444444444
41 0.43854166666666666 0.19791666666666666 0.14375 0.14583333333333334
0 0.6526041666666667 0.3923611111111111 0.15520833333333334 0.21805555555555556
0 0.6536458333333334 0.6166666666666667 0.15729166666666666 0.21666666666666667
71 0.1328125 0.5180555555555556 0.06979166666666667 0.14166666666666666
71 0.14010416666666667 0.6472222222222223 0.071875 0.12222222222222222
71 0.16354166666666667 0.75625 0.07083333333333333 0.10972222222222222
0 0.6244791666666667 0.7986111111111112 0.13645833333333332 0.14722222222222223
72 0.7666666666666667 0.1951388888888889 0.09166666666666666 0.12361111111111112
41 0.42291666666666666 0.38333333333333336 0.18125 0.2361111111111111
35 0.8776041666666666 0.49027777777777776 0.04479166666666667 0.13055555555555556
6 0.246875 0.725 0.09791666666666667 0.14166666666666666
71 0.13854166666666667 0.3770833333333333 0.07291666666666667 0.13472222222222222
35 0.8286458333333333 0.22430555555555556 0.057291666666666664 0.1125
72 0.8171875 0.4840277777777778 0.090625 0.1736111111111111
41 0.4276041666666667 0.8097222222222222 0.14479166666666668 0.14722222222222223
35 0.8447916666666667 0.7375 0.05625 0.1111111111111111
6 0.27708333333333335 0.8368055555555556 0.08541666666666667 0.09305555555555556
35 0.8651041666666667 0.3423611111111111 0.053125 0.13194444444444445
41 0.41041666666666665 0.6215277777777778 0.17708333333333334 0.22916666666666666
71 0.1953125 0.1798611111111111 0.071875 0.09027777777777778
35 0.8708333333333333 0.6208333333333333 0.05 0.12777777777777777
6 0.22083333333333333 0.56875 0.09166666666666666 0.1625
0 0.5989583333333334 0.9027777777777778 0.11041666666666666 0.08333333333333333
72 0.7791666666666667 0.7854166666666667 0.09375 0.13194444444444445
71 0.16041666666666668 0.26805555555555555 0.07083333333333333 0.1111111111111111
35 0.8072916666666666 0.8347222222222223 0.06041666666666667 0.08888888888888889
6 0.2598958333333333 0.2534722222222222 0.09895833333333333 0.1375
71 0.20052083333333334 0.8381944444444445 0.06979166666666667 0.09027777777777778
0 0.6458333333333334 0.21597222222222223 0.12916666666666668 0.14027777777777778
