45 0.78125 0.2111111111111111 0.07708333333333334 0.12222222222222222
45 0.8114583333333333 0.37916666666666665 0.08125 0.14722222222222223
45 0.15572916666666667 0.5256944444444445 0.06979166666666667 0.1597222222222222
45 0.196875 0.7708333333333334 0.075 0.13055555555555556
45 0.8192708333333333 0.5958333333333333 0.06979166666666667 0.14444444444444443
45 0.2890625 0.15416666666666667 0.071875 0.10833333333333334
45 0.7114583333333333 0.8041666666666667 0.10208333333333333 0.14722222222222223
45 0.5869791666666667 0.8395833333333333 0.10520833333333333 0.15138888888888888
45 0.41510416666666666 0.11805555555555555 0.11770833333333333 0.11666666666666667
45 0.5541666666666667 0.11805555555555555 0.13125 0.12222222222222222
45 0.39947916666666666 0.8430555555555556 0.13645833333333332 0.15
45 0.21458333333333332 0.18541666666666667 0.058333333333333334 0.09861111111111111
45 0.78125 0.7847222222222222 0.06875 0.13055555555555556
