102 0.3703125 0.6076388888888888 0.09895833333333333 0.05416666666666667
102 0.5734375 0.44305555555555554 0.109375 0.06666666666666667
102 0.5723958333333333 0.5611111111111111 0.10104166666666667 0.05555555555555555
102 0.38697916666666665 0.7041666666666667 0.08645833333333333 0.05277777777777778
102 0.38177083333333334 0.3402777777777778 0.08854166666666667 0.05555555555555555
102 0.5734375 0.5048611111111111 0.103125 0.05694444444444444
102 0.3703125 0.4444444444444444 0.09270833333333334 0.05
102 0.5677083333333334 0.39375 0.1 0.05694444444444444
102 0.3697916666666667 0.5493055555555556 0.09583333333333334 0.05694444444444444
102 0.5671875 0.6604166666666667 0.09270833333333334 0.04027777777777778
102 0.5692708333333333 0.3388888888888889 0.10104166666666667 0.058333333333333334
102 0.5692708333333333 0.6138888888888889 0.09479166666666666 0.05277777777777778
102 0.5661458333333333 0.7041666666666667 0.08645833333333333 0.05
102 0.37552083333333336 0.3909722222222222 0.08854166666666667 0.05416666666666667
102 0.37135416666666665 0.49027777777777776 0.09270833333333334 0.058333333333333334
102 0.37864583333333335 0.6555555555555556 0.09270833333333334 0.05
