53 0.8317708333333333 0.5944444444444444 0.13229166666666667 0.18888888888888888
62 0.6833333333333333 0.7930555555555555 0.14166666666666666 0.18611111111111112
53 0.8322916666666667 0.4013888888888889 0.12708333333333333 0.18888888888888888
53 0.7807291666666667 0.22708333333333333 0.128125 0.15416666666666667
53 0.7947916666666667 0.7680555555555556 0.125 0.15833333333333333
62 0.6338541666666667 0.10347222222222222 0.11145833333333334 0.12916666666666668
53 0.7447916666666666 0.8868055555555555 0.09375 0.12083333333333333
53 0.7427083333333333 0.125 0.09791666666666667 0.1111111111111111
62 0.6703125 0.2111111111111111 0.14895833333333333 0.19444444444444445
62 0.7161458333333334 0.38819444444444445 0.16979166666666667 0.22083333333333333
62 0.6416666666666667 0.8972222222222223 0.11458333333333333 0.1388888888888889
62 0.7135416666666666 0.6194444444444445 0.17083333333333334 0.2222222222222222
