22 0.8078125 0.4861111111111111 0.08645833333333333 0.10833333333333334
19 0.32708333333333334 0.75 0.1 0.1388888888888889
19 0.22135416666666666 0.46041666666666664 0.11354166666666667 0.1125
22 0.5119791666666667 0.7881944444444444 0.09479166666666666 0.14027777777777778
19 0.25833333333333336 0.21805555555555556 0.08958333333333333 0.11944444444444445
22 0.6015625 0.1736111111111111 0.096875 0.1388888888888889
19 0.2598958333333333 0.7416666666666667 0.08020833333333334 0.12222222222222222
22 0.6104166666666667 0.7805555555555556 0.09375 0.12777777777777777
19 0.5052083333333334 0.15625 0.09166666666666666 0.1597222222222222
22 0.7640625 0.21875 0.078125 0.10972222222222222
22 0.7625 0.7388888888888889 0.08125 0.10833333333333334
22 0.6848958333333334 0.19722222222222222 0.090625 0.12222222222222222
19 0.40989583333333335 0.78125 0.10104166666666667 0.15694444444444444
19 0.4078125 0.1701388888888889 0.10104166666666667 0.15138888888888888
