34 0.7442708333333333 0.7854166666666667 0.09270833333333334 0.10694444444444444
69 0.22083333333333333 0.19236111111111112 0.08541666666666667 0.07916666666666666
69 0.8192708333333333 0.3055555555555556 0.065625 0.09722222222222222
6 0.8307291666666666 0.6861111111111111 0.06354166666666666 0.125
33 0.7458333333333333 0.3625 0.11875 0.14166666666666666
66 0.17604166666666668 0.3284722222222222 0.06666666666666667 0.10972222222222222
1 0.7848958333333333 0.5298611111111111 0.08854166666666667 0.17083333333333334
33 0.27447916666666666 0.2111111111111111 0.109375 0.10277777777777777
65 0.2453125 0.29375 0.09895833333333333 0.12361111111111112
66 0.16145833333333334 0.41388888888888886 0.058333333333333334 0.1111111111111111
69 0.19583333333333333 0.25416666666666665 0.06875 0.09444444444444444
33 0.7427083333333333 0.27291666666666664 0.10625 0.11805555555555555
69 0.8322916666666667 0.39375 0.06458333333333334 0.10694444444444444
34 0.6432291666666666 0.8138888888888889 0.13645833333333332 0.14166666666666666
33 0.23697916666666666 0.38819444444444445 0.10729166666666666 0.13472222222222222
71 0.809375 0.8319444444444445 0.075 0.10555555555555556
69 0.75625 0.7013888888888888 0.09583333333333334 0.1361111111111111
69 0.725 0.8493055555555555 0.0875 0.09305555555555556
66 0.6286458333333333 0.89375 0.121875 0.07916666666666666
69 0.7770833333333333 0.19583333333333333 0.075 0.10277777777777777
33 0.7140625 0.19652777777777777 0.11145833333333334 0.10138888888888889
