79 0.5270833333333333 0.5861111111111111 0.30625 0.4027777777777778
50 0.7234375 0.34791666666666665 0.15729166666666666 0.28194444444444444
78 0.7885416666666667 0.7972222222222223 0.1 0.16666666666666666
78 0.7822916666666667 0.19791666666666666 0.09791666666666667 0.1486111111111111
50 0.6838541666666667 0.8423611111111111 0.15104166666666666 0.1597222222222222
78 0.8338541666666667 0.5895833333333333 0.08020833333333334 0.23194444444444445
32 0.29270833333333335 0.35 0.19791666666666666 0.3194444444444444
77 0.17447916666666666 0.36180555555555555 0.08854166666666667 0.23472222222222222
79 0.5125 0.8597222222222223 0.22083333333333333 0.1638888888888889
50 0.7307291666666667 0.6340277777777777 0.14895833333333333 0.2875
77 0.21510416666666668 0.8055555555555556 0.11979166666666667 0.18333333333333332
32 0.34479166666666666 0.8875 0.175 0.15555555555555556
32 0.2989583333333333 0.6666666666666666 0.20416666666666666 0.3194444444444444
78 0.828125 0.36527777777777776 0.08541666666666667 0.21944444444444444
50 0.6692708333333334 0.15 0.14895833333333333 0.1527777777777778
79 0.5151041666666667 0.25555555555555554 0.26145833333333335 0.2611111111111111
77 0.165625 0.6041666666666666 0.0875 0.25
77 0.21979166666666666 0.18125 0.1125 0.1763888888888889
32 0.3333333333333333 0.14375 0.17083333333333334 0.15416666666666667
79 0.50625 0.08819444444444445 0.18541666666666667 0.10138888888888889
