0 0.2869791666666667 0.23819444444444443 0.059375 0.0875
0 0.284375 0.7138888888888889 0.06041666666666667 0.08611111111111111
0 0.7401041666666667 0.24305555555555555 0.057291666666666664 0.08611111111111111
0 0.7651041666666667 0.5604166666666667 0.059375 0.09583333333333334
0 0.7421875 0.7131944444444445 0.057291666666666664 0.08472222222222223
0 0.5078125 0.7493055555555556 0.08020833333333334 0.09305555555555556
0 0.25625 0.47708333333333336 0.0625 0.10138888888888889
0 0.5203125 0.47638888888888886 0.10104166666666667 0.13333333333333333
0 0.7671875 0.39652777777777776 0.057291666666666664 0.09861111111111111
0 0.5322916666666667 0.20277777777777778 0.07916666666666666 0.08888888888888889
0 0.6276041666666666 0.32916666666666666 0.084375 0.11388888888888889
0 0.3984375 0.5701388888888889 0.090625 0.12361111111111112
0 0.4296875 0.3333333333333333 0.090625 0.11388888888888889
0 0.6322916666666667 0.5819444444444445 0.08541666666666667 0.11666666666666667
