21 0.6098958333333333 0.18125 0.11354166666666667 0.15138888888888888
22 0.49635416666666665 0.18125 0.08854166666666667 0.1125
22 0.4953125 0.42986111111111114 0.11145833333333334 0.1597222222222222
7 0.3411458333333333 0.6118055555555556 0.15104166666666666 0.17083333333333334
12 0.17604166666666668 0.7263888888888889 0.08333333333333333 0.11666666666666667
9 0.7088541666666667 0.8152777777777778 0.08645833333333333 0.10833333333333334
12 0.1859375 0.25277777777777777 0.084375 0.11666666666666667
22 0.49635416666666665 0.28888888888888886 0.109375 0.1638888888888889
18 0.28541666666666665 0.8125 0.07916666666666666 0.11388888888888889
9 0.7265625 0.7159722222222222 0.09895833333333333 0.14305555555555555
18 0.26145833333333335 0.7055555555555556 0.10416666666666667 0.13333333333333333
9 0.70625 0.19722222222222222 0.09166666666666666 0.11666666666666667
23 0.8078125 0.6715277777777777 0.08645833333333333 0.09583333333333334
21 0.6385416666666667 0.3111111111111111 0.1375 0.18611111111111112
9 0.7578125 0.43680555555555556 0.11145833333333334 0.1375
23 0.7697916666666667 0.20694444444444443 0.06458333333333334 0.09166666666666666
18 0.2515625 0.39375 0.11145833333333334 0.14027777777777778
18 0.26875 0.26458333333333334 0.09583333333333334 0.12638888888888888
7 0.3640625 0.2763888888888889 0.13020833333333334 0.17222222222222222
7 0.38645833333333335 0.1638888888888889 0.10208333333333333 0.13333333333333333
23 0.8020833333333334 0.3034722222222222 0.07291666666666667 0.10416666666666667
7 0.34791666666666665 0.4409722222222222 0.15 0.16805555555555557
12 0.15364583333333334 0.3597222222222222 0.08020833333333334 0.1111111111111111
23 0.8265625 0.4222222222222222 0.07395833333333333 0.10833333333333334
23 0.7802083333333333 0.7715277777777778 0.07083333333333333 0.09861111111111111
9 0.7536458333333333 0.5770833333333333 0.11145833333333334 0.13194444444444445
9 0.7359375 0.3 0.09479166666666666 0.13333333333333333
7 0.38333333333333336 0.8638888888888889 0.09791666666666667 0.12222222222222222
21 0.59375 0.8409722222222222 0.10625 0.14583333333333334
22 0.48489583333333336 0.5930555555555556 0.11145833333333334 0.16111111111111112
21 0.6229166666666667 0.7118055555555556 0.13541666666666666 0.17916666666666667
12 0.1453125 0.6076388888888888 0.08020833333333334 0.09583333333333334
18 0.23854166666666668 0.5402777777777777 0.11458333333333333 0.14166666666666666
22 0.48541666666666666 0.8347222222222223 0.08958333333333333 0.1111111111111111
23 0.8276041666666667 0.5451388888888888 0.078125 0.10416666666666667
21 0.6484375 0.5152777777777777 0.15104166666666666 0.15833333333333333
12 0.14010416666666667 0.48194444444444445 0.084375 0.1
12 0.21041666666666667 0.8159722222222222 0.075 0.10138888888888889
22 0.484375 0.7333333333333333 0.10416666666666667 0.15555555555555556
7 0.35989583333333336 0.7652777777777777 0.121875 0.15833333333333333
