22 0.521875 0.26666666666666666 0.10625 0.16944444444444445
22 0.415625 0.7041666666666667 0.1125 0.15555555555555556
27 0.6536458333333334 0.24722222222222223 0.11979166666666667 0.1638888888888889
22 0.5223958333333333 0.8090277777777778 0.08854166666666667 0.1375
27 0.5213541666666667 0.6180555555555556 0.134375 0.19444444444444445
27 0.6338541666666667 0.1361111111111111 0.096875 0.12777777777777777
27 0.6244791666666667 0.8416666666666667 0.09270833333333334 0.12222222222222222
26 0.41302083333333334 0.1701388888888889 0.103125 0.1597222222222222
22 0.43333333333333335 0.8034722222222223 0.08541666666666667 0.12083333333333333
22 0.5265625 0.15902777777777777 0.096875 0.12361111111111112
