45 0.8614583333333333 0.4722222222222222 0.06875 0.10833333333333334
45 0.7916666666666666 0.84375 0.07916666666666666 0.1125
45 0.6833333333333333 0.6951388888888889 0.16666666666666666 0.19583333333333333
45 0.16041666666666668 0.4409722222222222 0.07083333333333333 0.10416666666666667
45 0.8197916666666667 0.2263888888888889 0.06666666666666667 0.11944444444444445
45 0.7489583333333333 0.18958333333333333 0.1 0.13472222222222222
45 0.6395833333333333 0.13541666666666666 0.12916666666666668 0.14027777777777778
45 0.23802083333333332 0.6597222222222222 0.121875 0.16111111111111112
45 0.21927083333333333 0.8368055555555556 0.07395833333333333 0.11527777777777778
45 0.6213541666666667 0.9166666666666666 0.12604166666666666 0.11666666666666667
45 0.44583333333333336 0.12361111111111112 0.13541666666666666 0.13055555555555556
45 0.3 0.8777777777777778 0.09791666666666667 0.11666666666666667
45 0.42604166666666665 0.9263888888888889 0.12291666666666666 0.1111111111111111
45 0.8458333333333333 0.6916666666666667 0.07291666666666667 0.12222222222222222
45 0.16510416666666666 0.6833333333333333 0.06979166666666667 0.12222222222222222
45 0.2 0.2465277777777778 0.08541666666666667 0.12361111111111112
