42 0.615625 0.8569444444444444 0.10208333333333333 0.14166666666666666
42 0.5130208333333334 0.8673611111111111 0.09479166666666666 0.1486111111111111
42 0.7770833333333333 0.2951388888888889 0.08333333333333333 0.11805555555555555
42 0.7109375 0.25972222222222224 0.103125 0.14444444444444443
15 0.2109375 0.5298611111111111 0.090625 0.11527777777777778
15 0.3255208333333333 0.8368055555555556 0.084375 0.11805555555555555
15 0.5125 0.19930555555555557 0.10833333333333334 0.16527777777777777
42 0.6177083333333333 0.2222222222222222 0.10833333333333334 0.16666666666666666
15 0.396875 0.21875 0.10416666666666667 0.15138888888888888
15 0.24375 0.29305555555555557 0.08333333333333333 0.10833333333333334
15 0.4161458333333333 0.8722222222222222 0.09270833333333334 0.13055555555555556
42 0.7630208333333334 0.7791666666666667 0.08645833333333333 0.11388888888888889
42 0.8041666666666667 0.54375 0.09791666666666667 0.1125
15 0.25416666666666665 0.7763888888888889 0.08125 0.10277777777777777
