6 0.40572916666666664 0.24305555555555555 0.08020833333333334 0.09166666666666666
27 0.765625 0.21458333333333332 0.07083333333333333 0.09305555555555556
25 0.17395833333333333 0.6458333333333334 0.08125 0.10833333333333334
42 0.2630208333333333 0.43472222222222223 0.11979166666666667 0.13333333333333333
12 0.20625 0.8076388888888889 0.08125 0.10138888888888889
95 0.496875 0.8326388888888889 0.08333333333333333 0.11527777777777778
72 0.6177083333333333 0.3013888888888889 0.09166666666666666 0.11944444444444445
95 0.48854166666666665 0.5513888888888889 0.10416666666666667 0.12777777777777777
15 0.6135416666666667 0.8451388888888889 0.1 0.12361111111111112
15 0.38385416666666666 0.8486111111111111 0.096875 0.13055555555555556
72 0.625 0.4513888888888889 0.1 0.13055555555555556
72 0.6046875 0.2111111111111111 0.08229166666666667 0.08611111111111111
95 0.5036458333333333 0.1875 0.084375 0.12222222222222222
20 0.28958333333333336 0.8208333333333333 0.0875 0.11388888888888889
15 0.3578125 0.7375 0.128125 0.1638888888888889
27 0.8104166666666667 0.6541666666666667 0.07916666666666666 0.10277777777777777
27 0.8265625 0.5381944444444444 0.07395833333333333 0.10972222222222222
95 0.4921875 0.6659722222222222 0.09895833333333333 0.13194444444444445
27 0.19270833333333334 0.3138888888888889 0.07708333333333334 0.10277777777777777
15 0.6333333333333333 0.7319444444444444 0.12708333333333333 0.16944444444444445
19 0.7286458333333333 0.45694444444444443 0.121875 0.13333333333333333
20 0.7104166666666667 0.8048611111111111 0.0875 0.12638888888888888
20 0.2552083333333333 0.7083333333333334 0.10416666666666667 0.13333333333333333
27 0.16822916666666668 0.5256944444444445 0.078125 0.11527777777777778
19 0.7026041666666667 0.3277777777777778 0.11145833333333334 0.1361111111111111
95 0.48854166666666665 0.42083333333333334 0.10625 0.13055555555555556
