22 0.7651041666666667 0.26319444444444445 0.08020833333333334 0.09861111111111111
22 0.7786458333333334 0.6791666666666667 0.08229166666666667 0.1
22 0.7546875 0.7645833333333333 0.078125 0.09305555555555556
22 0.7973958333333333 0.46597222222222223 0.08229166666666667 0.10972222222222222
93 0.5041666666666667 0.19305555555555556 0.08125 0.15
22 0.7864583333333334 0.3590277777777778 0.08333333333333333 0.10416666666666667
93 0.5171875 0.8104166666666667 0.078125 0.14305555555555555
24 0.20208333333333334 0.48541666666666666 0.08541666666666667 0.10972222222222222
22 0.7947916666666667 0.5743055555555555 0.08333333333333333 0.10694444444444444
24 0.23072916666666668 0.27569444444444446 0.084375 0.10138888888888889
24 0.20989583333333334 0.5958333333333333 0.08854166666666667 0.10833333333333334
24 0.253125 0.7826388888888889 0.08125 0.09583333333333334
24 0.22916666666666666 0.7 0.08541666666666667 0.10277777777777777
24 0.21145833333333333 0.37569444444444444 0.0875 0.10694444444444444
