35 0.26666666666666666 0.7194444444444444 0.06875 0.09722222222222222
35 0.33645833333333336 0.44305555555555554 0.09375 0.12222222222222222
35 0.3723958333333333 0.19166666666666668 0.08020833333333334 0.09444444444444444
5 0.7447916666666666 0.7263888888888889 0.08125 0.10555555555555556
5 0.771875 0.3736111111111111 0.09583333333333334 0.1
5 0.7739583333333333 0.55625 0.09791666666666667 0.09027777777777778
35 0.23541666666666666 0.5541666666666667 0.06458333333333334 0.10277777777777777
5 0.6703125 0.4638888888888889 0.10104166666666667 0.09722222222222222
35 0.35260416666666666 0.7180555555555556 0.084375 0.1
35 0.24114583333333334 0.3770833333333333 0.06770833333333333 0.10138888888888889
5 0.6369791666666667 0.20208333333333334 0.08854166666666667 0.12638888888888888
5 0.6364583333333333 0.7305555555555555 0.08958333333333333 0.12222222222222222
5 0.7427083333333333 0.2222222222222222 0.08125 0.10277777777777777
35 0.278125 0.21388888888888888 0.06875 0.08888888888888889
