71 0.18854166666666666 0.8118055555555556 0.07708333333333334 0.09027777777777778
35 0.8229166666666666 0.8131944444444444 0.05625 0.09027777777777778
71 0.15520833333333334 0.7208333333333333 0.06875 0.125
69 0.3802083333333333 0.8645833333333334 0.12291666666666666 0.09027777777777778
6 0.2796875 0.8229166666666666 0.08854166666666667 0.1125
35 0.86875 0.4326388888888889 0.06666666666666667 0.13194444444444445
72 0.7536458333333333 0.8527777777777777 0.090625 0.10555555555555556
35 0.8713541666666667 0.5638888888888889 0.06354166666666666 0.12777777777777777
35 0.8546875 0.7159722222222222 0.057291666666666664 0.12361111111111112
72 0.79375 0.7472222222222222 0.08958333333333333 0.14444444444444443
1 0.6276041666666666 0.8680555555555556 0.11354166666666667 0.11388888888888889
69 0.36302083333333335 0.7770833333333333 0.140625 0.1375
72 0.7901041666666667 0.26666666666666666 0.090625 0.15555555555555556
