31 0.3619791666666667 0.7784722222222222 0.23229166666666667 0.2569444444444444
67 0.15729166666666666 0.5993055555555555 0.07916666666666666 0.18472222222222223
98 0.6729166666666667 0.22777777777777777 0.21041666666666667 0.24722222222222223
67 0.8098958333333334 0.7729166666666667 0.08229166666666667 0.15416666666666667
67 0.190625 0.7576388888888889 0.09583333333333334 0.15138888888888888
89 0.4348958333333333 0.19305555555555556 0.265625 0.225
98 0.5432291666666667 0.5125 0.346875 0.4722222222222222
30 0.28489583333333335 0.46319444444444446 0.18854166666666666 0.3736111111111111
67 0.7239583333333334 0.8 0.13333333333333333 0.18611111111111112
30 0.7786458333333334 0.5215277777777778 0.159375 0.3486111111111111
