73 0.17916666666666667 0.7111111111111111 0.06041666666666667 0.08333333333333333
81 0.796875 0.725 0.09375 0.1638888888888889
0 0.25416666666666665 0.7138888888888889 0.1 0.15
41 0.27760416666666665 0.8263888888888888 0.08854166666666667 0.09722222222222222
60 0.190625 0.79375 0.075 0.09583333333333334
73 0.1625 0.6333333333333333 0.0625 0.07777777777777778
81 0.8182291666666667 0.5548611111111111 0.084375 0.19027777777777777
68 0.2140625 0.2875 0.071875 0.125
46 0.6880208333333333 0.18819444444444444 0.090625 0.09861111111111111
73 0.15625 0.5479166666666667 0.06458333333333334 0.0875
61 0.7140625 0.8604166666666667 0.103125 0.13194444444444445
62 0.5817708333333333 0.7583333333333333 0.18229166666666666 0.2361111111111111
81 0.7838541666666666 0.22569444444444445 0.096875 0.1375
68 0.2 0.425 0.07291666666666667 0.1527777777777778
36 0.7140625 0.3013888888888889 0.10729166666666666 0.14722222222222223
36 0.27447916666666666 0.3236111111111111 0.10104166666666667 0.14722222222222223
47 0.30052083333333335 0.20625 0.090625 0.10416666666666667
81 0.8161458333333333 0.37430555555555556 0.08854166666666667 0.17916666666666667
