77 0.2755208333333333 0.44930555555555557 0.084375 0.15416666666666667
50 0.546875 0.3125 0.11458333333333333 0.13055555555555556
77 0.2864583333333333 0.3194444444444444 0.08333333333333333 0.125
77 0.30104166666666665 0.7173611111111111 0.08541666666666667 0.11527777777777778
50 0.5328125 0.7444444444444445 0.10729166666666666 0.1
98 0.6541666666666667 0.35138888888888886 0.1 0.1638888888888889
98 0.6421875 0.7006944444444444 0.103125 0.14027777777777778
50 0.5458333333333333 0.6236111111111111 0.12291666666666666 0.15
77 0.2786458333333333 0.5965277777777778 0.08645833333333333 0.14583333333333334
50 0.5458333333333333 0.46111111111111114 0.12708333333333333 0.175
98 0.6630208333333333 0.5381944444444444 0.103125 0.19027777777777777
98 0.3885416666666667 0.5458333333333333 0.14583333333333334 0.2111111111111111
98 0.3885416666666667 0.35138888888888886 0.13958333333333334 0.17777777777777778
98 0.40520833333333334 0.7180555555555556 0.13541666666666666 0.1361111111111111
