86 0.4276041666666667 0.66875 0.13854166666666667 0.059722222222222225
84 0.6682291666666667 0.5 0.11979166666666667 0.06111111111111111
87 0.5671875 0.7805555555555556 0.14479166666666668 0.041666666666666664
85 0.3026041666666667 0.5194444444444445 0.06354166666666666 0.11944444444444445
84 0.6697916666666667 0.3958333333333333 0.11458333333333333 0.05277777777777778
84 0.6661458333333333 0.35138888888888886 0.10729166666666666 0.05
84 0.6713541666666667 0.44930555555555557 0.11770833333333333 0.05694444444444444
87 0.5682291666666667 0.7444444444444445 0.13645833333333332 0.04722222222222222
85 0.30625 0.4097222222222222 0.06875 0.1111111111111111
85 0.321875 0.7159722222222222 0.06875 0.09861111111111111
87 0.5859375 0.6388888888888888 0.14895833333333333 0.06111111111111111
84 0.6578125 0.3090277777777778 0.10520833333333333 0.04861111111111111
87 0.5807291666666666 0.6972222222222222 0.146875 0.05277777777777778
86 0.4317708333333333 0.6111111111111112 0.14479166666666668 0.06944444444444445
87 0.5817708333333333 0.5715277777777777 0.15729166666666666 0.07361111111111111
86 0.43020833333333336 0.7215277777777778 0.12291666666666666 0.059722222222222225
85 0.3177083333333333 0.32013888888888886 0.06875 0.09583333333333334
85 0.30833333333333335 0.6277777777777778 0.06875 0.1111111111111111
