72 0.23645833333333333 0.7131944444444445 0.06041666666666667 0.08194444444444444
38 0.8234375 0.7069444444444445 0.08645833333333333 0.11666666666666667
72 0.215625 0.5291666666666667 0.06041666666666667 0.10277777777777777
38 0.8505208333333333 0.5520833333333334 0.08645833333333333 0.12916666666666668
0 0.3020833333333333 0.49444444444444446 0.07291666666666667 0.1111111111111111
53 0.39114583333333336 0.7868055555555555 0.090625 0.1375
14 0.5890625 0.2548611111111111 0.11979166666666667 0.1736111111111111
53 0.39375 0.21319444444444444 0.0875 0.13472222222222222
16 0.484375 0.7104166666666667 0.10208333333333333 0.15416666666666667
14 0.5833333333333334 0.8638888888888889 0.09791666666666667 0.13055555555555556
15 0.73125 0.5701388888888889 0.12291666666666666 0.14027777777777778
15 0.6776041666666667 0.18472222222222223 0.08020833333333334 0.09722222222222222
16 0.48333333333333334 0.1986111111111111 0.08958333333333333 0.12777777777777777
15 0.721875 0.7118055555555556 0.08541666666666667 0.14027777777777778
14 0.6182291666666667 0.4444444444444444 0.153125 0.18055555555555555
35 0.28802083333333334 0.6104166666666667 0.08020833333333334 0.1125
16 0.48125 0.8222222222222222 0.0875 0.11666666666666667
72 0.221875 0.6270833333333333 0.058333333333333334 0.09583333333333334
72 0.2234375 0.3611111111111111 0.057291666666666664 0.09444444444444444
15 0.675 0.8291666666666667 0.08958333333333333 0.11666666666666667
14 0.6416666666666667 0.7090277777777778 0.13125 0.16805555555555557
14 0.5838541666666667 0.14375 0.09270833333333334 0.12083333333333333
38 0.8432291666666667 0.39652777777777776 0.08645833333333333 0.12361111111111112
16 0.46927083333333336 0.3125 0.10729166666666666 0.15555555555555556
53 0.365625 0.3368055555555556 0.10833333333333334 0.1486111111111111
15 0.6859375 0.2826388888888889 0.103125 0.1486111111111111
15 0.7333333333333333 0.4270833333333333 0.1125 0.14305555555555555
