86 0.421875 0.6020833333333333 0.13541666666666666 0.06805555555555555
85 0.30625 0.4097222222222222 0.06875 0.1111111111111111
87 0.5703125 0.6381944444444444 0.15104166666666666 0.05694444444444444
87 0.571875 0.5701388888888889 0.15833333333333333 0.0763888888888889
85 0.321875 0.7159722222222222 0.06875 0.09861111111111111
84 0.6677083333333333 0.7034722222222223 0.09375 0.05138888888888889
86 0.42083333333333334 0.6611111111111111 0.13125 0.058333333333333334
85 0.303125 0.5194444444444445 0.06458333333333334 0.11944444444444445
87 0.5515625 0.7451388888888889 0.13854166666666667 0.04583333333333333
86 0.42552083333333335 0.7159722222222222 0.11979166666666667 0.059722222222222225
84 0.6630208333333333 0.7381944444444445 0.090625 0.0625
85 0.309375 0.6284722222222222 0.07083333333333333 0.1125
87 0.5609375 0.6951388888888889 0.14479166666666668 0.05416666666666667
85 0.3177083333333333 0.32013888888888886 0.06875 0.09583333333333334
87 0.5515625 0.7854166666666667 0.14479166666666668 0.0375
84 0.6786458333333333 0.6534722222222222 0.09895833333333333 0.07916666666666666
