1 0.284375 0.7131944444444445 0.06041666666666667 0.0875
1 0.7359375 0.24166666666666667 0.057291666666666664 0.08888888888888889
1 0.5088541666666667 0.2013888888888889 0.08020833333333334 0.08888888888888889
1 0.5109375 0.75 0.08229166666666667 0.08888888888888889
1 0.35104166666666664 0.22847222222222222 0.06875 0.08472222222222223
1 0.425 0.2111111111111111 0.07708333333333334 0.08611111111111111
1 0.4265625 0.7416666666666667 0.078125 0.09166666666666666
1 0.76875 0.4798611111111111 0.05416666666666667 0.10138888888888889
1 0.2890625 0.2375 0.059375 0.08888888888888889
1 0.5984375 0.21388888888888888 0.078125 0.09166666666666666
1 0.6666666666666666 0.7243055555555555 0.06875 0.08472222222222223
1 0.2625 0.46041666666666664 0.06041666666666667 0.10416666666666667
1 0.7359375 0.7159722222222222 0.057291666666666664 0.08472222222222223
