107 0.7026041666666667 0.45694444444444443 0.090625 0.10277777777777777
17 0.7 0.5798611111111112 0.09166666666666666 0.10694444444444444
17 0.7307291666666667 0.32430555555555557 0.06770833333333333 0.08194444444444444
107 0.6833333333333333 0.6895833333333333 0.08333333333333333 0.10416666666666667
17 0.6567708333333333 0.7729166666666667 0.071875 0.09027777777777778
17 0.7536458333333333 0.5041666666666667 0.07604166666666666 0.08888888888888889
107 0.7520833333333333 0.5944444444444444 0.06875 0.09166666666666666
17 0.7364583333333333 0.6916666666666667 0.06041666666666667 0.09166666666666666
107 0.7463541666666667 0.4048611111111111 0.07395833333333333 0.08472222222222223
107 0.7104166666666667 0.7645833333333333 0.05625 0.07361111111111111
