62 0.796875 0.2 0.08333333333333333 0.10555555555555556
53 0.8619791666666666 0.2986111111111111 0.08229166666666667 0.1361111111111111
53 0.8140625 0.8069444444444445 0.09270833333333334 0.125
62 0.8380208333333333 0.69375 0.084375 0.11527777777777778
53 0.1703125 0.7708333333333334 0.10104166666666667 0.13333333333333333
62 0.21197916666666666 0.1625 0.08020833333333334 0.08333333333333333
53 0.17135416666666667 0.24513888888888888 0.09895833333333333 0.1375
62 0.8572916666666667 0.4305555555555556 0.08541666666666667 0.11944444444444445
53 0.8776041666666666 0.5708333333333333 0.096875 0.14722222222222223
62 0.14947916666666666 0.6402777777777777 0.084375 0.12222222222222222
62 0.15104166666666666 0.37222222222222223 0.0875 0.12222222222222222
53 0.11875 0.5027777777777778 0.09375 0.15
