72 0.39427083333333335 0.2833333333333333 0.09270833333333334 0.10833333333333334
71 0.4864583333333333 0.3993055555555556 0.10833333333333334 0.14305555555555555
71 0.4796875 0.6604166666666667 0.103125 0.14027777777777778
16 0.321875 0.23958333333333334 0.09375 0.11527777777777778
53 0.6010416666666667 0.3416666666666667 0.11458333333333333 0.16111111111111112
72 0.39947916666666666 0.8145833333333333 0.07604166666666666 0.09027777777777778
72 0.37395833333333334 0.6354166666666666 0.10208333333333333 0.13472222222222222
71 0.49322916666666666 0.2111111111111111 0.08854166666666667 0.1111111111111111
39 0.8041666666666667 0.2708333333333333 0.08541666666666667 0.10555555555555556
39 0.7682291666666666 0.8145833333333333 0.078125 0.09583333333333334
11 0.7 0.21666666666666667 0.09791666666666667 0.12777777777777777
53 0.5630208333333333 0.8208333333333333 0.08645833333333333 0.1388888888888889
11 0.6682291666666667 0.8319444444444445 0.08854166666666667 0.125
39 0.8291666666666667 0.38125 0.08333333333333333 0.10972222222222222
72 0.3828125 0.4 0.103125 0.1361111111111111
39 0.8041666666666667 0.7229166666666667 0.08333333333333333 0.1125
27 0.18802083333333333 0.6854166666666667 0.078125 0.10138888888888889
53 0.59375 0.5979166666666667 0.12291666666666666 0.15138888888888888
16 0.325 0.8 0.08125 0.1111111111111111
16 0.3046875 0.3458333333333333 0.096875 0.13055555555555556
27 0.18854166666666666 0.3277777777777778 0.08125 0.10833333333333334
27 0.1671875 0.5680555555555555 0.07604166666666666 0.10833333333333334
11 0.7390625 0.4361111111111111 0.11770833333333333 0.14166666666666666
71 0.4786458333333333 0.8284722222222223 0.08020833333333334 0.09027777777777778
