69 0.6453125 0.8180555555555555 0.13645833333333332 0.12777777777777777
72 0.2265625 0.7965277777777777 0.09479166666666666 0.15416666666666667
6 0.7619791666666667 0.7298611111111111 0.10104166666666667 0.14583333333333334
69 0.6244791666666667 0.8979166666666667 0.121875 0.07361111111111111
5 0.1609375 0.7652777777777777 0.06979166666666667 0.11388888888888889
71 0.8161458333333333 0.83125 0.071875 0.0875
1 0.3546875 0.7895833333333333 0.134375 0.1597222222222222
72 0.2630208333333333 0.8923611111111112 0.08645833333333333 0.09027777777777778
1 0.3885416666666667 0.9027777777777778 0.1125 0.09166666666666666
71 0.85 0.7416666666666667 0.07083333333333333 0.12222222222222222
6 0.73125 0.8451388888888889 0.08541666666666667 0.09861111111111111
5 0.19635416666666666 0.8638888888888889 0.059375 0.08333333333333333
