40 0.8145833333333333 0.6875 0.08333333333333333 0.10555555555555556
27 0.7223958333333333 0.23333333333333334 0.096875 0.1361111111111111
19 0.22916666666666666 0.5222222222222223 0.10416666666666667 0.11388888888888889
40 0.8338541666666667 0.44166666666666665 0.08229166666666667 0.10833333333333334
29 0.5286458333333334 0.6458333333333334 0.06979166666666667 0.16666666666666666
19 0.7953125 0.5597222222222222 0.10520833333333333 0.1111111111111111
27 0.29322916666666665 0.23194444444444445 0.09270833333333334 0.12777777777777777
40 0.2 0.3861111111111111 0.08333333333333333 0.10833333333333334
29 0.5260416666666666 0.78125 0.06666666666666667 0.12361111111111112
40 0.20364583333333333 0.6541666666666667 0.08020833333333334 0.1111111111111111
