87 0.5338541666666666 0.2722222222222222 0.15104166666666666 0.075
84 0.40208333333333335 0.525 0.12916666666666668 0.06944444444444445
87 0.5401041666666667 0.4326388888888889 0.16145833333333334 0.07083333333333333
85 0.31666666666666665 0.32083333333333336 0.06875 0.09722222222222222
87 0.5348958333333333 0.7319444444444444 0.146875 0.06666666666666667
86 0.6515625 0.4875 0.13229166666666667 0.07222222222222222
85 0.32135416666666666 0.7152777777777778 0.06770833333333333 0.09444444444444444
86 0.6572916666666667 0.5826388888888889 0.11666666666666667 0.08472222222222223
84 0.4078125 0.31180555555555556 0.115625 0.0763888888888889
86 0.6442708333333333 0.6472222222222223 0.128125 0.075
84 0.40208333333333335 0.6888888888888889 0.10833333333333334 0.058333333333333334
86 0.6395833333333333 0.3993055555555556 0.12916666666666668 0.06805555555555555
84 0.4010416666666667 0.40625 0.11875 0.09027777777777778
87 0.5338541666666666 0.7805555555555556 0.153125 0.03888888888888889
85 0.30885416666666665 0.6284722222222222 0.06770833333333333 0.10972222222222222
85 0.30572916666666666 0.41180555555555554 0.06770833333333333 0.1125
87 0.5411458333333333 0.5743055555555555 0.171875 0.08472222222222223
84 0.41041666666666665 0.7375 0.10416666666666667 0.05277777777777778
85 0.303125 0.5201388888888889 0.06458333333333334 0.11527777777777778
