102 0.6682291666666667 0.7270833333333333 0.13020833333333334 0.10416666666666667
102 0.3177083333333333 0.5347222222222222 0.13333333333333333 0.09444444444444444
102 0.6526041666666667 0.2013888888888889 0.12604166666666666 0.09166666666666666
102 0.503125 0.5513888888888889 0.2125 0.10833333333333334
102 0.3390625 0.73125 0.128125 0.09305555555555556
102 0.34010416666666665 0.26180555555555557 0.13020833333333334 0.07083333333333333
102 0.5036458333333333 0.8138888888888889 0.16354166666666667 0.07222222222222222
102 0.66875 0.2673611111111111 0.125 0.09027777777777778
102 0.3171875 0.6409722222222223 0.146875 0.09583333333333334
102 0.5020833333333333 0.44305555555555554 0.22083333333333333 0.10555555555555556
102 0.325 0.3263888888888889 0.13125 0.09444444444444444
102 0.503125 0.74375 0.17916666666666667 0.08194444444444444
102 0.35104166666666664 0.7979166666666667 0.12708333333333333 0.07361111111111111
102 0.5036458333333333 0.34375 0.19895833333333332 0.10138888888888889
102 0.6901041666666666 0.43472222222222223 0.13229166666666667 0.09166666666666666
102 0.6796875 0.34305555555555556 0.128125 0.09166666666666666
102 0.31666666666666665 0.4222222222222222 0.13333333333333333 0.09444444444444444
102 0.6859375 0.5444444444444444 0.12395833333333334 0.09722222222222222
102 0.3515625 0.19583333333333333 0.11770833333333333 0.06944444444444445
102 0.5020833333333333 0.6555555555555556 0.20416666666666666 0.09722222222222222
102 0.5015625 0.18055555555555555 0.16979166666666667 0.06666666666666667
102 0.6776041666666667 0.6368055555555555 0.14270833333333333 0.08472222222222223
102 0.6510416666666666 0.7972222222222223 0.11875 0.08888888888888889
102 0.503125 0.25069444444444444 0.18333333333333332 0.08472222222222223
