24 0.3703125 0.44722222222222224 0.13020833333333334 0.14444444444444443
24 0.3848958333333333 0.20902777777777778 0.096875 0.12361111111111112
5 0.4791666666666667 0.3486111111111111 0.07708333333333334 0.14444444444444443
8 0.23958333333333334 0.58125 0.11458333333333333 0.12638888888888888
10 0.7390625 0.5965277777777778 0.12395833333333334 0.1486111111111111
95 0.7395833333333334 0.2298611111111111 0.06875 0.08472222222222223
8 0.2911458333333333 0.8118055555555556 0.08854166666666667 0.11805555555555555
9 0.21614583333333334 0.225 0.07604166666666666 0.09166666666666666
5 0.50625 0.7305555555555555 0.07291666666666667 0.13055555555555556
24 0.3692708333333333 0.7263888888888889 0.109375 0.13333333333333333
5 0.48541666666666666 0.8069444444444445 0.058333333333333334 0.11944444444444445
53 0.6765625 0.3055555555555556 0.096875 0.12777777777777777
13 0.21197916666666666 0.8138888888888889 0.08020833333333334 0.10555555555555556
24 0.359375 0.31180555555555556 0.11041666666666666 0.13472222222222222
10 0.25416666666666665 0.3138888888888889 0.10833333333333334 0.1388888888888889
19 0.5755208333333334 0.2701388888888889 0.11145833333333334 0.17083333333333334
95 0.7848958333333333 0.3875 0.071875 0.09166666666666666
95 0.7848958333333333 0.4736111111111111 0.07395833333333333 0.08611111111111111
9 0.7760416666666666 0.7854166666666667 0.06875 0.10138888888888889
5 0.48020833333333335 0.24722222222222223 0.07083333333333333 0.13333333333333333
10 0.7072916666666667 0.7673611111111112 0.10416666666666667 0.14583333333333334
95 0.7609375 0.30069444444444443 0.07604166666666666 0.09305555555555556
53 0.6947916666666667 0.4326388888888889 0.11041666666666666 0.12916666666666668
24 0.38229166666666664 0.8194444444444444 0.09375 0.11388888888888889
24 0.37552083333333336 0.59375 0.12395833333333334 0.1486111111111111
19 0.590625 0.40902777777777777 0.13125 0.17083333333333334
13 0.14947916666666666 0.6027777777777777 0.08645833333333333 0.10833333333333334
13 0.1703125 0.7201388888888889 0.08020833333333334 0.10694444444444444
19 0.5760416666666667 0.8131944444444444 0.09375 0.15416666666666667
19 0.6057291666666667 0.575 0.13854166666666667 0.15555555555555556
5 0.49635416666666665 0.6125 0.078125 0.1361111111111111
9 0.803125 0.6916666666666667 0.0875 0.10277777777777777
13 0.14375 0.46944444444444444 0.08958333333333333 0.1111111111111111
19 0.6078125 0.7173611111111111 0.12395833333333334 0.1597222222222222
13 0.8505208333333333 0.5805555555555556 0.08229166666666667 0.10833333333333334
5 0.4864583333333333 0.47638888888888886 0.07708333333333334 0.1111111111111111
8 0.2630208333333333 0.7118055555555556 0.103125 0.12638888888888888
8 0.24947916666666667 0.4465277777777778 0.11979166666666667 0.12916666666666668
9 0.18177083333333333 0.3236111111111111 0.065625 0.10833333333333334
