72 0.5880208333333333 0.7430555555555556 0.09479166666666666 0.10277777777777777
95 0.4942708333333333 0.32916666666666666 0.09895833333333333 0.13333333333333333
14 0.8140625 0.3229166666666667 0.07395833333333333 0.10694444444444444
15 0.36354166666666665 0.28402777777777777 0.13541666666666666 0.1736111111111111
12 0.20104166666666667 0.20902777777777778 0.08541666666666667 0.11527777777777778
72 0.6026041666666667 0.5027777777777778 0.11145833333333334 0.1361111111111111
15 0.3338541666666667 0.4527777777777778 0.15520833333333334 0.16111111111111112
15 0.40677083333333336 0.8798611111111111 0.08645833333333333 0.12361111111111112
19 0.7651041666666667 0.24375 0.08645833333333333 0.10416666666666667
12 0.20572916666666666 0.8111111111111111 0.08020833333333334 0.1
72 0.596875 0.6326388888888889 0.10625 0.12916666666666668
12 0.1453125 0.5875 0.08854166666666667 0.10833333333333334
14 0.8286458333333333 0.45069444444444445 0.08229166666666667 0.12638888888888888
15 0.3645833333333333 0.7777777777777778 0.11666666666666667 0.15833333333333333
95 0.4895833333333333 0.8451388888888889 0.07916666666666666 0.10972222222222222
12 0.16875 0.31180555555555556 0.09791666666666667 0.12361111111111112
72 0.5760416666666667 0.8215277777777777 0.08333333333333333 0.07916666666666666
19 0.6859375 0.7215277777777778 0.11145833333333334 0.14305555555555555
15 0.3416666666666667 0.6256944444444444 0.14583333333333334 0.17083333333333334
14 0.8244791666666667 0.5979166666666667 0.08020833333333334 0.12361111111111112
14 0.7984375 0.7243055555555555 0.07604166666666666 0.10694444444444444
20 0.2869791666666667 0.8166666666666667 0.078125 0.11944444444444445
95 0.49583333333333335 0.2298611111111111 0.0875 0.09583333333333334
19 0.6598958333333333 0.8229166666666666 0.08854166666666667 0.1125
95 0.4869791666666667 0.5708333333333333 0.10104166666666667 0.13055555555555556
14 0.7604166666666666 0.8194444444444444 0.075 0.09166666666666666
19 0.7104166666666667 0.5902777777777778 0.13125 0.1361111111111111
95 0.5057291666666667 0.17222222222222222 0.08645833333333333 0.09444444444444444
95 0.49322916666666666 0.44375 0.103125 0.12916666666666668
19 0.7130208333333333 0.4534722222222222 0.12395833333333334 0.13194444444444445
20 0.23072916666666668 0.5527777777777778 0.11145833333333334 0.1527777777777778
12 0.17135416666666667 0.7236111111111111 0.08020833333333334 0.11944444444444445
72 0.6067708333333334 0.37222222222222223 0.10520833333333333 0.12777777777777777
20 0.2520833333333333 0.6979166666666666 0.11041666666666666 0.13472222222222222
95 0.48333333333333334 0.6930555555555555 0.10208333333333333 0.13333333333333333
19 0.6838541666666667 0.2125 0.10520833333333333 0.12777777777777777
19 0.6807291666666667 0.30972222222222223 0.10520833333333333 0.15
20 0.28125 0.22847222222222222 0.09791666666666667 0.13472222222222222
15 0.4109375 0.15486111111111112 0.10104166666666667 0.1486111111111111
