10 0.7411458333333333 0.5729166666666666 0.12395833333333334 0.14305555555555555
8 0.23854166666666668 0.5833333333333334 0.1125 0.12777777777777777
19 0.6083333333333333 0.5680555555555555 0.13958333333333334 0.1527777777777778
5 0.4947916666666667 0.8118055555555556 0.058333333333333334 0.10694444444444444
19 0.5958333333333333 0.8138888888888889 0.1 0.1388888888888889
8 0.29375 0.8138888888888889 0.0875 0.11666666666666667
13 0.1453125 0.5659722222222222 0.08854166666666667 0.10972222222222222
24 0.3875 0.8180555555555555 0.09166666666666666 0.11666666666666667
5 0.48854166666666665 0.6090277777777777 0.07708333333333334 0.13194444444444445
9 0.7755208333333333 0.7847222222222222 0.06979166666666667 0.1
9 0.8052083333333333 0.6875 0.08541666666666667 0.10277777777777777
13 0.1703125 0.7020833333333333 0.08645833333333333 0.10694444444444444
8 0.2625 0.7152777777777778 0.10208333333333333 0.12777777777777777
5 0.5 0.7215277777777778 0.07083333333333333 0.13472222222222222
24 0.36666666666666664 0.7222222222222222 0.11041666666666666 0.1388888888888889
95 0.7890625 0.4576388888888889 0.07395833333333333 0.09583333333333334
13 0.8494791666666667 0.5756944444444444 0.08645833333333333 0.10972222222222222
13 0.21197916666666666 0.8097222222222222 0.08020833333333334 0.10555555555555556
19 0.6046875 0.7131944444444445 0.121875 0.16527777777777777
10 0.7166666666666667 0.7479166666666667 0.10625 0.14583333333333334
24 0.35520833333333335 0.5902777777777778 0.12291666666666666 0.14444444444444443
