27 0.5807291666666666 0.7444444444444445 0.11770833333333333 0.16666666666666666
27 0.8125 0.6680555555555555 0.07916666666666666 0.10833333333333334
27 0.17552083333333332 0.4888888888888889 0.07395833333333333 0.11944444444444445
27 0.22760416666666666 0.7756944444444445 0.06979166666666667 0.09861111111111111
27 0.19322916666666667 0.6402777777777777 0.08020833333333334 0.11388888888888889
27 0.8125 0.3541666666666667 0.0875 0.11388888888888889
27 0.7666666666666667 0.7986111111111112 0.075 0.1
27 0.3765625 0.17222222222222222 0.096875 0.125
27 0.19375 0.34930555555555554 0.075 0.10694444444444444
27 0.78125 0.2326388888888889 0.07708333333333334 0.10416666666666667
27 0.5817708333333333 0.14791666666666667 0.09479166666666666 0.12638888888888888
27 0.3307291666666667 0.4930555555555556 0.13645833333333332 0.1638888888888889
27 0.23489583333333333 0.225 0.07395833333333333 0.10555555555555556
27 0.3458333333333333 0.7 0.12291666666666666 0.15833333333333333
27 0.39479166666666665 0.8465277777777778 0.09375 0.13472222222222222
27 0.3489583333333333 0.30277777777777776 0.12083333333333333 0.15833333333333333
27 0.8286458333333333 0.5215277777777778 0.08854166666666667 0.12361111111111112
27 0.6057291666666667 0.2923611111111111 0.12604166666666666 0.1736111111111111
27 0.6088541666666667 0.525 0.14270833333333333 0.175
27 0.5666666666666667 0.8604166666666667 0.09583333333333334 0.12638888888888888
