45 0.453125 0.7736111111111111 0.20208333333333334 0.175
45 0.7390625 0.175 0.09895833333333333 0.13333333333333333
45 0.640625 0.70625 0.18333333333333332 0.2125
45 0.8104166666666667 0.20694444444444443 0.06041666666666667 0.09444444444444444
45 0.30416666666666664 0.8729166666666667 0.10208333333333333 0.13472222222222222
45 0.1625 0.5583333333333333 0.075 0.15
45 0.615625 0.9145833333333333 0.09166666666666666 0.12638888888888888
45 0.4317708333333333 0.9208333333333333 0.13854166666666667 0.13055555555555556
45 0.21510416666666668 0.21597222222222223 0.06770833333333333 0.09861111111111111
45 0.2109375 0.8125 0.08020833333333334 0.12222222222222222
45 0.728125 0.8701388888888889 0.10416666666666667 0.11805555555555555
45 0.4354166666666667 0.5798611111111112 0.21875 0.24027777777777778
45 0.6385416666666667 0.4638888888888889 0.20208333333333334 0.3055555555555556
45 0.8604166666666667 0.5986111111111111 0.06666666666666667 0.14444444444444443
45 0.6125 0.11319444444444444 0.13541666666666666 0.12638888888888888
45 0.32447916666666665 0.1423611111111111 0.10729166666666666 0.1375
45 0.47760416666666666 0.10555555555555556 0.09895833333333333 0.12222222222222222
45 0.8072916666666666 0.8166666666666667 0.07291666666666667 0.11666666666666667
