30 0.3203125 0.29791666666666666 0.115625 0.16805555555555557
19 0.7369791666666666 0.5833333333333334 0.134375 0.13055555555555556
31 0.49583333333333335 0.5451388888888888 0.20833333333333334 0.2763888888888889
19 0.7078125 0.3138888888888889 0.121875 0.15555555555555556
21 0.8255208333333334 0.5277777777777778 0.08854166666666667 0.1111111111111111
21 0.22135416666666666 0.6701388888888888 0.09895833333333333 0.11805555555555555
19 0.7322916666666667 0.44930555555555557 0.13541666666666666 0.13472222222222222
21 0.8119791666666667 0.38819444444444445 0.09270833333333334 0.1125
32 0.3770833333333333 0.7840277777777778 0.13125 0.14583333333333334
19 0.6989583333333333 0.8090277777777778 0.10416666666666667 0.12361111111111112
21 0.7833333333333333 0.78125 0.07916666666666666 0.10694444444444444
32 0.3380208333333333 0.6243055555555556 0.13020833333333334 0.19027777777777777
21 0.2125 0.5326388888888889 0.09791666666666667 0.12083333333333333
19 0.7145833333333333 0.7145833333333333 0.125 0.14583333333333334
31 0.5291666666666667 0.7708333333333334 0.18333333333333332 0.17777777777777778
21 0.8109375 0.6701388888888888 0.09270833333333334 0.10972222222222222
31 0.5239583333333333 0.30416666666666664 0.18541666666666667 0.2
32 0.34791666666666665 0.4270833333333333 0.12916666666666668 0.20972222222222223
21 0.25364583333333335 0.7833333333333333 0.090625 0.1111111111111111
