69 0.38385416666666666 0.8458333333333333 0.128125 0.08611111111111111
72 0.7979166666666667 0.8416666666666667 0.0625 0.09166666666666666
69 0.3984375 0.9 0.11770833333333333 0.058333333333333334
71 0.23125 0.8125 0.1 0.1361111111111111
69 0.37135416666666665 0.7506944444444444 0.15104166666666666 0.1486111111111111
72 0.734375 0.8409722222222222 0.10625 0.13194444444444445
71 0.14947916666666666 0.7152777777777778 0.06354166666666666 0.125
69 0.5630208333333333 0.9083333333333333 0.11770833333333333 0.05555555555555555
71 0.20677083333333332 0.8520833333333333 0.06354166666666666 0.08472222222222223
72 0.8333333333333334 0.7493055555555556 0.06458333333333334 0.11805555555555555
69 0.5755208333333334 0.8361111111111111 0.140625 0.125
