33 0.178125 0.32222222222222224 0.06458333333333334 0.11388888888888889
41 0.36770833333333336 0.15 0.11458333333333333 0.10555555555555556
34 0.8119791666666667 0.31666666666666665 0.06979166666666667 0.12222222222222222
66 0.23697916666666666 0.30694444444444446 0.084375 0.13333333333333333
69 0.7942708333333334 0.23819444444444443 0.06770833333333333 0.09027777777777778
33 0.7359375 0.2965277777777778 0.11354166666666667 0.14027777777777778
34 0.7770833333333333 0.1840277777777778 0.07083333333333333 0.08194444444444444
65 0.21979166666666666 0.1875 0.06666666666666667 0.07777777777777778
69 0.7057291666666666 0.1597222222222222 0.096875 0.08333333333333333
65 0.203125 0.23958333333333334 0.07083333333333333 0.09583333333333334
34 0.28072916666666664 0.1638888888888889 0.08645833333333333 0.08333333333333333
41 0.33958333333333335 0.28888888888888886 0.1375 0.18888888888888888
33 0.7229166666666667 0.2152777777777778 0.10208333333333333 0.09444444444444444
69 0.2625 0.22291666666666668 0.0875 0.09861111111111111
