0 0.6296875 0.6430555555555556 0.08645833333333333 0.10833333333333334
0 0.2947916666666667 0.23402777777777778 0.0625 0.0875
0 0.2515625 0.5097222222222222 0.057291666666666664 0.1
0 0.5052083333333334 0.49930555555555556 0.10208333333333333 0.13472222222222222
0 0.7671875 0.40555555555555556 0.057291666666666664 0.1
0 0.740625 0.7145833333333333 0.058333333333333334 0.08472222222222223
0 0.734375 0.24097222222222223 0.058333333333333334 0.0875
0 0.5171875 0.20694444444444443 0.08020833333333334 0.09166666666666666
0 0.7640625 0.5770833333333333 0.059375 0.09861111111111111
0 0.4984375 0.7513888888888889 0.08020833333333334 0.09166666666666666
0 0.28854166666666664 0.7159722222222222 0.06041666666666667 0.08472222222222223
0 0.3807291666666667 0.6451388888888889 0.08229166666666667 0.10694444444444444
0 0.6265625 0.3368055555555556 0.08645833333333333 0.1125
0 0.3927083333333333 0.3458333333333333 0.0875 0.11388888888888889
