102 0.6005208333333333 0.7118055555555556 0.11979166666666667 0.05138888888888889
102 0.6104166666666667 0.5243055555555556 0.13958333333333334 0.06527777777777778
102 0.6078125 0.6555555555555556 0.11770833333333333 0.06944444444444445
102 0.6036458333333333 0.5888888888888889 0.153125 0.07222222222222222
102 0.5973958333333333 0.31180555555555556 0.121875 0.06527777777777778
102 0.35052083333333334 0.6930555555555555 0.121875 0.05277777777777778
102 0.33541666666666664 0.43680555555555556 0.125 0.06527777777777778
102 0.35052083333333334 0.6430555555555556 0.115625 0.08333333333333333
102 0.33541666666666664 0.3659722222222222 0.13333333333333333 0.07083333333333333
102 0.365625 0.7472222222222222 0.1375 0.058333333333333334
102 0.6114583333333333 0.3770833333333333 0.12083333333333333 0.0763888888888889
102 0.3338541666666667 0.5777777777777777 0.128125 0.07777777777777778
102 0.5833333333333334 0.7590277777777777 0.12083333333333333 0.034722222222222224
102 0.6119791666666666 0.45 0.12604166666666666 0.08611111111111111
102 0.3385416666666667 0.50625 0.12708333333333333 0.07361111111111111
102 0.3572916666666667 0.30972222222222223 0.12708333333333333 0.04722222222222222
