10 0.7270833333333333 0.7472222222222222 0.10625 0.1361111111111111
24 0.3609375 0.6180555555555556 0.121875 0.15
19 0.49635416666666665 0.43680555555555556 0.12395833333333334 0.18194444444444444
25 0.8 0.7298611111111111 0.075 0.10416666666666667
10 0.7411458333333333 0.3055555555555556 0.11145833333333334 0.15
25 0.7890625 0.2423611111111111 0.08020833333333334 0.09027777777777778
19 0.4791666666666667 0.6361111111111111 0.125 0.19722222222222222
26 0.63125 0.28194444444444444 0.12916666666666668 0.17222222222222222
26 0.6427083333333333 0.45694444444444443 0.14583333333333334 0.15555555555555556
19 0.49166666666666664 0.28402777777777777 0.1125 0.16805555555555557
27 0.228125 0.8 0.07291666666666667 0.09166666666666666
11 0.26614583333333336 0.29930555555555555 0.103125 0.1375
10 0.6921875 0.8444444444444444 0.090625 0.11388888888888889
24 0.35989583333333336 0.4708333333333333 0.128125 0.14166666666666666
24 0.39114583333333336 0.8340277777777778 0.08645833333333333 0.10972222222222222
11 0.2484375 0.5916666666666667 0.11145833333333334 0.1361111111111111
25 0.8296875 0.6027777777777777 0.08020833333333334 0.11388888888888889
10 0.7609375 0.4534722222222222 0.115625 0.14305555555555555
25 0.8359375 0.4791666666666667 0.08020833333333334 0.11388888888888889
24 0.390625 0.2111111111111111 0.10416666666666667 0.13055555555555556
27 0.1703125 0.59375 0.071875 0.10972222222222222
10 0.7510416666666667 0.6097222222222223 0.11875 0.15
11 0.271875 0.7319444444444444 0.09583333333333334 0.13055555555555556
27 0.1953125 0.7118055555555556 0.071875 0.09861111111111111
24 0.3729166666666667 0.325 0.11875 0.1527777777777778
19 0.47604166666666664 0.8673611111111111 0.08958333333333333 0.10416666666666667
25 0.7692708333333333 0.8138888888888889 0.06770833333333333 0.08888888888888889
26 0.6333333333333333 0.6263888888888889 0.14166666666666666 0.175
24 0.37552083333333336 0.7479166666666667 0.10729166666666666 0.13472222222222222
25 0.8203125 0.34791666666666665 0.08020833333333334 0.10138888888888889
26 0.6098958333333333 0.7736111111111111 0.115625 0.16111111111111112
27 0.18177083333333333 0.34444444444444444 0.08020833333333334 0.10277777777777777
27 0.16822916666666668 0.4673611111111111 0.07604166666666666 0.1125
19 0.5026041666666666 0.17083333333333334 0.09895833333333333 0.1388888888888889
11 0.30572916666666666 0.8354166666666667 0.078125 0.10972222222222222
11 0.24739583333333334 0.44513888888888886 0.11354166666666667 0.14305555555555555
19 0.48072916666666665 0.7736111111111111 0.10729166666666666 0.1527777777777778
