23 0.18854166666666666 0.5486111111111112 0.09166666666666666 0.10833333333333334
27 0.7916666666666666 0.7666666666666667 0.0625 0.08611111111111111
22 0.6213541666666667 0.1736111111111111 0.09479166666666666 0.11944444444444445
10 0.7145833333333333 0.1625 0.09166666666666666 0.125
11 0.29791666666666666 0.75625 0.0875 0.12083333333333333
11 0.271875 0.6298611111111111 0.11041666666666666 0.1375
10 0.7729166666666667 0.40625 0.11458333333333333 0.13472222222222222
25 0.23385416666666667 0.7729166666666667 0.065625 0.09583333333333334
25 0.20416666666666666 0.6701388888888888 0.07916666666666666 0.10972222222222222
24 0.6494791666666667 0.41388888888888886 0.12395833333333334 0.14166666666666666
23 0.8442708333333333 0.44583333333333336 0.08020833333333334 0.10277777777777777
23 0.18697916666666667 0.4152777777777778 0.090625 0.10555555555555556
10 0.746875 0.26805555555555555 0.11041666666666666 0.1388888888888889
10 0.7276041666666667 0.7909722222222222 0.09270833333333334 0.1125
58 0.40625 0.20277777777777778 0.12916666666666668 0.19444444444444445
51 0.378125 0.5604166666666667 0.16458333333333333 0.1875
11 0.259375 0.46458333333333335 0.11666666666666667 0.14027777777777778
19 0.53125 0.55 0.11666666666666667 0.16666666666666666
25 0.22864583333333333 0.1909722222222222 0.06770833333333333 0.09583333333333334
27 0.7947916666666667 0.2111111111111111 0.07083333333333333 0.08611111111111111
24 0.6432291666666666 0.6909722222222222 0.10729166666666666 0.13472222222222222
27 0.8197916666666667 0.6770833333333334 0.07083333333333333 0.09583333333333334
10 0.7661458333333333 0.55 0.11770833333333333 0.14166666666666666
19 0.528125 0.8138888888888889 0.08958333333333333 0.11666666666666667
23 0.8260416666666667 0.31805555555555554 0.08541666666666667 0.09722222222222222
23 0.8442708333333333 0.5631944444444444 0.071875 0.10694444444444444
58 0.42916666666666664 0.09305555555555556 0.1 0.1361111111111111
11 0.4276041666666667 0.8284722222222223 0.09270833333333334 0.12083333333333333
51 0.3625 0.36666666666666664 0.1625 0.19166666666666668
19 0.5354166666666667 0.7131944444444445 0.1125 0.1763888888888889
22 0.634375 0.2743055555555556 0.11458333333333333 0.14583333333333334
93 0.5270833333333333 0.23194444444444445 0.09166666666666666 0.14444444444444443
24 0.6479166666666667 0.5583333333333333 0.12083333333333333 0.14444444444444443
24 0.628125 0.7861111111111111 0.08958333333333333 0.11388888888888889
9 0.40625 0.7243055555555555 0.12916666666666668 0.17916666666666667
19 0.5265625 0.3729166666666667 0.115625 0.1763888888888889
11 0.3015625 0.19930555555555557 0.09270833333333334 0.12361111111111112
23 0.2015625 0.2916666666666667 0.07604166666666666 0.10833333333333334
93 0.5270833333333333 0.13402777777777777 0.07708333333333334 0.08472222222222223
11 0.26979166666666665 0.32083333333333336 0.1 0.13333333333333333
10 0.7484375 0.6881944444444444 0.10729166666666666 0.1375
