30 0.2864583333333333 0.4638888888888889 0.1875 0.37222222222222223
89 0.43385416666666665 0.19236111111111112 0.2635416666666667 0.22361111111111112
67 0.19010416666666666 0.7569444444444444 0.09479166666666666 0.15
67 0.8098958333333334 0.7736111111111111 0.08229166666666667 0.15555555555555556
98 0.6729166666666667 0.22777777777777777 0.21041666666666667 0.24722222222222223
30 0.7786458333333334 0.5208333333333334 0.159375 0.3472222222222222
98 0.5427083333333333 0.5125 0.34791666666666665 0.4722222222222222
67 0.15729166666666666 0.5986111111111111 0.07916666666666666 0.18611111111111112
31 0.36354166666666665 0.7798611111111111 0.23333333333333334 0.2569444444444444
67 0.7239583333333334 0.8006944444444445 0.13333333333333333 0.18472222222222223
