72 0.6119791666666666 0.6576388888888889 0.084375 0.09861111111111111
73 0.5057291666666667 0.6694444444444444 0.046875 0.07777777777777778
72 0.6005208333333333 0.7347222222222223 0.071875 0.075
35 0.39427083333333335 0.6618055555555555 0.08229166666666667 0.10138888888888889
13 0.2552083333333333 0.21388888888888888 0.04375 0.058333333333333334
35 0.41354166666666664 0.7409722222222223 0.075 0.0763888888888889
73 0.5072916666666667 0.5229166666666667 0.05416666666666667 0.07361111111111111
12 0.7869791666666667 0.7111111111111111 0.04895833333333333 0.06666666666666667
38 0.25 0.5416666666666666 0.10208333333333333 0.125
38 0.2708333333333333 0.6819444444444445 0.09166666666666666 0.12222222222222222
73 0.5057291666666667 0.7243055555555555 0.04479166666666667 0.0625
59 0.7536458333333333 0.6645833333333333 0.090625 0.10972222222222222
35 0.39375 0.34305555555555556 0.08333333333333333 0.10833333333333334
12 0.753125 0.7666666666666667 0.05 0.08611111111111111
38 0.29322916666666665 0.25625 0.090625 0.11805555555555555
52 0.20520833333333333 0.4236111111111111 0.07083333333333333 0.09166666666666666
52 0.19583333333333333 0.5319444444444444 0.05625 0.08888888888888889
38 0.30833333333333335 0.7854166666666667 0.08125 0.10694444444444444
72 0.61875 0.5493055555555556 0.08541666666666667 0.1125
73 0.515625 0.3888888888888889 0.052083333333333336 0.09166666666666666
52 0.21666666666666667 0.6472222222222223 0.07083333333333333 0.08888888888888889
12 0.7979166666666667 0.5923611111111111 0.07708333333333334 0.09583333333333334
59 0.740625 0.2875 0.08541666666666667 0.11388888888888889
59 0.7666666666666667 0.4173611111111111 0.09583333333333334 0.11805555555555555
59 0.70625 0.7708333333333334 0.08333333333333333 0.10277777777777777
12 0.8046875 0.4895833333333333 0.078125 0.08194444444444444
13 0.2515625 0.7652777777777777 0.057291666666666664 0.06666666666666667
12 0.8041666666666667 0.3784722222222222 0.0625 0.06527777777777778
12 0.7838541666666666 0.2951388888888889 0.053125 0.09027777777777778
13 0.23020833333333332 0.31805555555555554 0.075 0.09444444444444444
