45 0.6354166666666666 0.2611111111111111 0.06875 0.1111111111111111
45 0.7713541666666667 0.55625 0.06770833333333333 0.10694444444444444
45 0.46041666666666664 0.46597222222222223 0.11041666666666666 0.14305555555555555
45 0.7057291666666666 0.2826388888888889 0.065625 0.10694444444444444
45 0.5598958333333334 0.8256944444444444 0.08854166666666667 0.09027777777777778
45 0.4317708333333333 0.6784722222222223 0.096875 0.13472222222222222
45 0.6135416666666667 0.49027777777777776 0.11041666666666666 0.11944444444444445
45 0.2921875 0.7583333333333333 0.059375 0.08888888888888889
45 0.45 0.2590277777777778 0.09166666666666666 0.12083333333333333
45 0.29270833333333335 0.2881944444444444 0.06458333333333334 0.09305555555555556
45 0.7588541666666667 0.30694444444444446 0.053125 0.075
45 0.4578125 0.8277777777777777 0.08645833333333333 0.08333333333333333
45 0.25052083333333336 0.5430555555555555 0.06770833333333333 0.1111111111111111
45 0.36302083333333335 0.8034722222222223 0.08645833333333333 0.10416666666666667
45 0.5859375 0.69375 0.103125 0.12638888888888888
45 0.7046875 0.7805555555555556 0.057291666666666664 0.10277777777777777
45 0.6442708333333333 0.8125 0.078125 0.09166666666666666
45 0.5291666666666667 0.5868055555555556 0.10416666666666667 0.10416666666666667
45 0.7484375 0.7618055555555555 0.053125 0.0875
45 0.55625 0.24583333333333332 0.08333333333333333 0.09166666666666666
45 0.3645833333333333 0.27708333333333335 0.08333333333333333 0.09027777777777778
