102 0.378125 0.40902777777777777 0.10833333333333334 0.06527777777777778
102 0.6270833333333333 0.28055555555555556 0.1125 0.05555555555555555
102 0.6385416666666667 0.4840277777777778 0.11041666666666666 0.07083333333333333
102 0.38697916666666665 0.28402777777777777 0.11145833333333334 0.0625
102 0.5109375 0.5479166666666667 0.12604166666666666 0.07361111111111111
102 0.5067708333333333 0.6861111111111111 0.12604166666666666 0.06388888888888888
102 0.38697916666666665 0.3416666666666667 0.10104166666666667 0.06666666666666667
102 0.384375 0.6756944444444445 0.10416666666666667 0.07361111111111111
102 0.37604166666666666 0.55 0.1125 0.06944444444444445
102 0.634375 0.40902777777777777 0.12083333333333333 0.07361111111111111
102 0.634375 0.6138888888888889 0.11666666666666667 0.058333333333333334
102 0.6317708333333333 0.6708333333333333 0.096875 0.06666666666666667
102 0.50625 0.7368055555555556 0.12083333333333333 0.05416666666666667
102 0.3765625 0.6090277777777777 0.11354166666666667 0.06527777777777778
102 0.396875 0.7277777777777777 0.09166666666666666 0.06111111111111111
102 0.378125 0.4736111111111111 0.11041666666666666 0.06666666666666667
102 0.6239583333333333 0.7236111111111111 0.10625 0.06388888888888888
102 0.6317708333333333 0.34444444444444444 0.10520833333333333 0.07222222222222222
102 0.5083333333333333 0.6180555555555556 0.12916666666666668 0.075
102 0.5130208333333334 0.4722222222222222 0.121875 0.075
102 0.5088541666666667 0.3298611111111111 0.121875 0.07083333333333333
102 0.5083333333333333 0.27361111111111114 0.125 0.06388888888888888
102 0.6421875 0.5527777777777778 0.109375 0.075
102 0.5114583333333333 0.40069444444444446 0.12291666666666666 0.07361111111111111
