15 0.4192708333333333 0.8708333333333333 0.09479166666666666 0.13055555555555556
15 0.209375 0.5354166666666667 0.0875 0.11527777777777778
42 0.6125 0.8590277777777777 0.1 0.14027777777777778
42 0.6088541666666667 0.22708333333333333 0.11354166666666667 0.16805555555555557
15 0.2421875 0.29444444444444445 0.08229166666666667 0.10833333333333334
42 0.7020833333333333 0.25 0.10208333333333333 0.14722222222222223
42 0.8020833333333334 0.5736111111111111 0.09791666666666667 0.11388888888888889
42 0.5145833333333333 0.8715277777777778 0.09166666666666666 0.14305555555555555
15 0.33177083333333335 0.8402777777777778 0.084375 0.11944444444444445
42 0.7640625 0.7798611111111111 0.08645833333333333 0.10972222222222222
15 0.253125 0.7763888888888889 0.07916666666666666 0.10277777777777777
15 0.4828125 0.1986111111111111 0.10729166666666666 0.16111111111111112
42 0.7729166666666667 0.28958333333333336 0.08541666666666667 0.12083333333333333
15 0.36770833333333336 0.22569444444444445 0.10416666666666667 0.1486111111111111
