94 0.2989583333333333 0.5173611111111112 0.12083333333333333 0.2375
94 0.4197916666666667 0.7152777777777778 0.18333333333333332 0.20555555555555555
94 0.21041666666666667 0.5243055555555556 0.07083333333333333 0.20416666666666666
94 0.5901041666666667 0.6756944444444445 0.178125 0.22083333333333333
94 0.53125 0.8402777777777778 0.16041666666666668 0.11388888888888889
94 0.6703125 0.8041666666666667 0.115625 0.1361111111111111
94 0.6036458333333333 0.41458333333333336 0.18020833333333333 0.2625
75 0.28072916666666664 0.2965277777777778 0.17604166666666668 0.25416666666666665
94 0.753125 0.7798611111111111 0.09583333333333334 0.1486111111111111
94 0.44583333333333336 0.4840277777777778 0.2 0.27361111111111114
94 0.5682291666666667 0.2111111111111111 0.15729166666666666 0.14444444444444443
75 0.721875 0.2847222222222222 0.17083333333333334 0.25
94 0.43020833333333336 0.22708333333333333 0.15833333333333333 0.1625
75 0.29322916666666665 0.7458333333333333 0.17604166666666668 0.25
75 0.7473958333333334 0.5756944444444444 0.17604166666666668 0.32916666666666666
