72 0.22447916666666667 0.6277777777777778 0.06354166666666666 0.09444444444444444
53 0.39166666666666666 0.7868055555555555 0.09166666666666666 0.1375
14 0.6432291666666666 0.7111111111111111 0.128125 0.16666666666666666
38 0.8239583333333333 0.7041666666666667 0.08541666666666667 0.11944444444444445
15 0.6744791666666666 0.8263888888888888 0.09270833333333334 0.11388888888888889
72 0.23645833333333333 0.7145833333333333 0.06041666666666667 0.08194444444444444
14 0.5833333333333334 0.8652777777777778 0.09791666666666667 0.13055555555555556
15 0.7229166666666667 0.7104166666666667 0.08541666666666667 0.14027777777777778
16 0.48385416666666664 0.2013888888888889 0.08854166666666667 0.1361111111111111
16 0.4796875 0.8180555555555555 0.08645833333333333 0.12777777777777777
53 0.39427083333333335 0.21597222222222223 0.090625 0.14027777777777778
15 0.66875 0.20347222222222222 0.09375 0.12916666666666668
0 0.3046875 0.49375 0.071875 0.10972222222222222
72 0.22395833333333334 0.36319444444444443 0.058333333333333334 0.09861111111111111
72 0.21875 0.5305555555555556 0.06666666666666667 0.10277777777777777
15 0.7348958333333333 0.5694444444444444 0.11770833333333333 0.1388888888888889
