41 0.28541666666666665 0.7104166666666667 0.06041666666666667 0.0875
41 0.5864583333333333 0.21180555555555555 0.07916666666666666 0.09305555555555556
41 0.765625 0.4847222222222222 0.058333333333333334 0.1
41 0.28072916666666664 0.2423611111111111 0.059375 0.08472222222222223
41 0.4192708333333333 0.7347222222222223 0.078125 0.09166666666666666
41 0.7390625 0.24791666666666667 0.06145833333333333 0.09027777777777778
41 0.2520833333333333 0.4909722222222222 0.058333333333333334 0.10138888888888889
41 0.5869791666666667 0.7416666666666667 0.08020833333333334 0.09444444444444444
41 0.34739583333333335 0.23125 0.06770833333333333 0.08472222222222223
41 0.6635416666666667 0.7222222222222222 0.06875 0.08888888888888889
41 0.4203125 0.2152777777777778 0.078125 0.09166666666666666
41 0.5026041666666666 0.2076388888888889 0.08229166666666667 0.09305555555555556
41 0.7317708333333334 0.7166666666666667 0.059375 0.08611111111111111
41 0.5036458333333333 0.7486111111111111 0.08229166666666667 0.09166666666666666
