5 0.4036458333333333 0.9104166666666667 0.128125 0.17916666666666667
5 0.7885416666666667 0.17916666666666667 0.08958333333333333 0.11944444444444445
5 0.28802083333333334 0.11597222222222223 0.10729166666666666 0.15416666666666667
5 0.125 0.44513888888888886 0.1125 0.10972222222222222
5 0.253125 0.8423611111111111 0.12291666666666666 0.1597222222222222
5 0.8552083333333333 0.47847222222222224 0.11875 0.10972222222222222
5 0.803125 0.7819444444444444 0.10208333333333333 0.1361111111111111
5 0.5828125 0.9145833333333333 0.128125 0.17083333333333334
5 0.4083333333333333 0.0798611111111111 0.11458333333333333 0.1597222222222222
5 0.7020833333333333 0.11527777777777778 0.09583333333333334 0.14444444444444443
5 0.19010416666666666 0.1840277777777778 0.09479166666666666 0.11805555555555555
