17 0.8208333333333333 0.5576388888888889 0.0875 0.10694444444444444
23 0.5161458333333333 0.17430555555555555 0.109375 0.1736111111111111
17 0.7182291666666667 0.23125 0.09479166666666666 0.12916666666666668
23 0.22760416666666666 0.2861111111111111 0.08229166666666667 0.10833333333333334
23 0.19322916666666667 0.5472222222222223 0.08854166666666667 0.11388888888888889
17 0.5390625 0.8944444444444445 0.090625 0.13055555555555556
23 0.42552083333333335 0.9013888888888889 0.09270833333333334 0.13333333333333333
17 0.7854166666666667 0.28194444444444444 0.07708333333333334 0.10555555555555556
17 0.640625 0.8722222222222222 0.08958333333333333 0.12777777777777777
23 0.24114583333333334 0.7868055555555555 0.07604166666666666 0.10138888888888889
23 0.3885416666666667 0.18819444444444444 0.10833333333333334 0.1597222222222222
17 0.6234375 0.19583333333333333 0.09895833333333333 0.15
17 0.775 0.7895833333333333 0.075 0.09861111111111111
23 0.3171875 0.8555555555555555 0.090625 0.11944444444444445
