72 0.23645833333333333 0.7145833333333333 0.06041666666666667 0.08194444444444444
14 0.5859375 0.14791666666666667 0.09895833333333333 0.1375
0 0.3046875 0.4930555555555556 0.071875 0.10833333333333334
53 0.39166666666666666 0.7861111111111111 0.08958333333333333 0.1361111111111111
72 0.22447916666666667 0.36180555555555555 0.059375 0.09583333333333334
72 0.21822916666666667 0.5298611111111111 0.065625 0.10138888888888889
15 0.6734375 0.20277777777777778 0.08645833333333333 0.12777777777777777
38 0.8229166666666666 0.7055555555555556 0.0875 0.11666666666666667
38 0.8427083333333333 0.39652777777777776 0.0875 0.12361111111111112
15 0.7223958333333333 0.7111111111111111 0.08854166666666667 0.1388888888888889
15 0.73125 0.56875 0.125 0.14027777777777778
14 0.6416666666666667 0.7104166666666667 0.13333333333333333 0.16805555555555557
15 0.7338541666666667 0.42569444444444443 0.11145833333333334 0.14305555555555555
72 0.22395833333333334 0.6270833333333333 0.0625 0.09583333333333334
53 0.39427083333333335 0.21458333333333332 0.090625 0.1375
16 0.48385416666666664 0.20069444444444445 0.08854166666666667 0.13472222222222222
14 0.6182291666666667 0.44583333333333336 0.15729166666666666 0.18055555555555555
16 0.484375 0.7104166666666667 0.10208333333333333 0.15416666666666667
38 0.8494791666666667 0.5527777777777778 0.08854166666666667 0.13055555555555556
14 0.5833333333333334 0.8625 0.09791666666666667 0.13333333333333333
16 0.48072916666666665 0.8222222222222222 0.08645833333333333 0.11666666666666667
15 0.6755208333333333 0.8263888888888888 0.09270833333333334 0.11388888888888889
