21 0.47760416666666666 0.17777777777777778 0.109375 0.18333333333333332
21 0.8135416666666667 0.4777777777777778 0.10208333333333333 0.12222222222222222
21 0.5838541666666667 0.8590277777777777 0.10104166666666667 0.14583333333333334
21 0.6151041666666667 0.7055555555555556 0.14270833333333333 0.19444444444444445
21 0.6328125 0.3923611111111111 0.15520833333333334 0.19305555555555556
21 0.21770833333333334 0.2611111111111111 0.1 0.12222222222222222
21 0.18072916666666666 0.5152777777777777 0.103125 0.11944444444444445
21 0.4552083333333333 0.5284722222222222 0.14791666666666667 0.1875
21 0.23072916666666668 0.7819444444444444 0.08645833333333333 0.11944444444444445
21 0.32708333333333334 0.7131944444444445 0.14166666666666666 0.18194444444444444
21 0.7010416666666667 0.225 0.1125 0.14166666666666666
21 0.3151041666666667 0.34097222222222223 0.14479166666666668 0.16805555555555557
21 0.7786458333333334 0.24444444444444444 0.08229166666666667 0.11666666666666667
21 0.6864583333333333 0.8131944444444444 0.09583333333333334 0.14583333333333334
21 0.7619791666666667 0.7826388888888889 0.090625 0.12083333333333333
