105 0.7354166666666667 0.2763888888888889 0.06041666666666667 0.07777777777777778
69 0.3067708333333333 0.20694444444444443 0.07604166666666666 0.06666666666666667
105 0.2520833333333333 0.22708333333333333 0.058333333333333334 0.06527777777777778
105 0.7166666666666667 0.2263888888888889 0.0625 0.06666666666666667
105 0.22083333333333333 0.34305555555555556 0.0625 0.09722222222222222
105 0.7484375 0.34097222222222223 0.06354166666666666 0.10694444444444444
105 0.23489583333333333 0.2763888888888889 0.059375 0.08055555555555556
69 0.6765625 0.26666666666666666 0.08645833333333333 0.10277777777777777
69 0.29322916666666665 0.26319444444444445 0.08229166666666667 0.09861111111111111
69 0.6583333333333333 0.20902777777777778 0.07708333333333334 0.06527777777777778
