5 0.7390625 0.2222222222222222 0.08645833333333333 0.10555555555555556
35 0.23802083333333332 0.5513888888888889 0.06354166666666666 0.10555555555555556
5 0.7739583333333333 0.54375 0.09791666666666667 0.09305555555555556
35 0.37135416666666665 0.1909722222222222 0.08020833333333334 0.09305555555555556
5 0.6322916666666667 0.7270833333333333 0.09375 0.1375
35 0.33645833333333336 0.44513888888888886 0.09375 0.12361111111111112
5 0.765625 0.37083333333333335 0.10416666666666667 0.1
5 0.6661458333333333 0.46111111111111114 0.10729166666666666 0.09722222222222222
35 0.2635416666666667 0.7138888888888889 0.06458333333333334 0.09444444444444444
35 0.35104166666666664 0.7090277777777778 0.08541666666666667 0.10694444444444444
35 0.240625 0.37430555555555556 0.06666666666666667 0.10138888888888889
35 0.2765625 0.21666666666666667 0.06979166666666667 0.09444444444444444
5 0.7442708333333333 0.71875 0.084375 0.10972222222222222
5 0.6322916666666667 0.19722222222222222 0.0875 0.12222222222222222
