36 0.3640625 0.7652777777777777 0.071875 0.09444444444444444
36 0.7166666666666667 0.7354166666666667 0.06458333333333334 0.09583333333333334
36 0.521875 0.7833333333333333 0.075 0.1
36 0.28020833333333334 0.5333333333333333 0.06041666666666667 0.09444444444444444
36 0.30572916666666666 0.7256944444444444 0.06770833333333333 0.09305555555555556
36 0.7453125 0.4875 0.06145833333333333 0.09722222222222222
36 0.4390625 0.7798611111111111 0.078125 0.09583333333333334
36 0.6067708333333334 0.7777777777777778 0.07604166666666666 0.09444444444444444
36 0.7395833333333334 0.6131944444444445 0.06458333333333334 0.09305555555555556
36 0.7244791666666667 0.33194444444444443 0.065625 0.1
36 0.5302083333333333 0.3 0.08125 0.11944444444444445
36 0.65 0.31180555555555556 0.08125 0.10972222222222222
36 0.29635416666666664 0.3388888888888889 0.06354166666666666 0.09166666666666666
36 0.4203125 0.30486111111111114 0.084375 0.10972222222222222
