51 0.36354166666666665 0.375 0.16458333333333333 0.18888888888888888
23 0.825 0.6416666666666667 0.08333333333333333 0.09722222222222222
25 0.2015625 0.28680555555555554 0.078125 0.10972222222222222
27 0.8182291666666667 0.2791666666666667 0.071875 0.09722222222222222
19 0.5145833333333333 0.4027777777777778 0.11458333333333333 0.16944444444444445
24 0.6333333333333333 0.5930555555555556 0.11875 0.1527777777777778
11 0.2786458333333333 0.31180555555555556 0.109375 0.1375
9 0.37916666666666665 0.7236111111111111 0.125 0.16944444444444445
19 0.5182291666666666 0.5784722222222223 0.11354166666666667 0.17083333333333334
11 0.3046875 0.7805555555555556 0.07604166666666666 0.1111111111111111
10 0.7505208333333333 0.2708333333333333 0.109375 0.13055555555555556
51 0.365625 0.5680555555555555 0.16041666666666668 0.18611111111111112
10 0.715625 0.16527777777777777 0.09166666666666666 0.125
58 0.41822916666666665 0.09722222222222222 0.09895833333333333 0.125
23 0.1828125 0.5395833333333333 0.08229166666666667 0.1125
19 0.5182291666666666 0.7361111111111112 0.10729166666666666 0.16944444444444445
23 0.18854166666666666 0.40625 0.09375 0.1125
11 0.28229166666666666 0.6715277777777777 0.1 0.12638888888888888
10 0.7364583333333333 0.6958333333333333 0.11458333333333333 0.1388888888888889
24 0.634375 0.44513888888888886 0.12708333333333333 0.14027777777777778
93 0.5234375 0.1597222222222222 0.084375 0.11944444444444445
25 0.23072916666666668 0.18611111111111112 0.071875 0.09166666666666666
24 0.621875 0.7208333333333333 0.10208333333333333 0.1388888888888889
22 0.6244791666666667 0.19236111111111112 0.090625 0.12361111111111112
10 0.31666666666666665 0.1701388888888889 0.09583333333333334 0.1375
11 0.2604166666666667 0.5215277777777778 0.1125 0.1375
25 0.23697916666666666 0.7736111111111111 0.071875 0.09722222222222222
22 0.634375 0.30416666666666664 0.11666666666666667 0.14722222222222223
11 0.7046875 0.7951388888888888 0.08854166666666667 0.10694444444444444
27 0.7864583333333334 0.18125 0.06666666666666667 0.08194444444444444
23 0.20677083333333332 0.6722222222222223 0.078125 0.1111111111111111
27 0.7875 0.7548611111111111 0.07291666666666667 0.09583333333333334
58 0.4166666666666667 0.20625 0.12708333333333333 0.2013888888888889
11 0.403125 0.8256944444444444 0.09375 0.11527777777777778
23 0.8447916666666667 0.40069444444444446 0.07083333333333333 0.11527777777777778
10 0.7588541666666667 0.5576388888888889 0.12395833333333334 0.14305555555555555
24 0.60625 0.8138888888888889 0.0875 0.1111111111111111
23 0.8385416666666666 0.51875 0.08333333333333333 0.10694444444444444
10 0.7604166666666666 0.4083333333333333 0.12083333333333333 0.14166666666666666
93 0.5364583333333334 0.25277777777777777 0.09583333333333334 0.15833333333333333
19 0.5145833333333333 0.8340277777777778 0.08958333333333333 0.10972222222222222
