9 0.8067708333333333 0.6930555555555555 0.08645833333333333 0.10277777777777777
71 0.49322916666666666 0.8430555555555556 0.08229166666666667 0.07222222222222222
9 0.2546875 0.7277777777777777 0.090625 0.1388888888888889
18 0.19375 0.7048611111111112 0.07708333333333334 0.10416666666666667
9 0.7703125 0.7958333333333333 0.07604166666666666 0.1
10 0.615625 0.7923611111111111 0.12708333333333333 0.1763888888888889
9 0.23645833333333333 0.5875 0.11041666666666666 0.14166666666666666
21 0.3494791666666667 0.7145833333333333 0.13854166666666667 0.19305555555555556
21 0.32760416666666664 0.5326388888888889 0.15104166666666666 0.16527777777777777
38 0.8546875 0.5729166666666666 0.084375 0.12638888888888888
21 0.35885416666666664 0.8423611111111111 0.10520833333333333 0.13194444444444445
9 0.7546875 0.59375 0.109375 0.1375
18 0.22135416666666666 0.79375 0.071875 0.09027777777777778
10 0.1671875 0.5833333333333334 0.07604166666666666 0.12222222222222222
10 0.5963541666666666 0.8854166666666666 0.09895833333333333 0.11805555555555555
71 0.4921875 0.5291666666666667 0.11145833333333334 0.14722222222222223
71 0.4953125 0.6638888888888889 0.10520833333333333 0.13055555555555556
11 0.6875 0.8361111111111111 0.07083333333333333 0.1111111111111111
11 0.7135416666666666 0.7333333333333333 0.10208333333333333 0.13333333333333333
10 0.6369791666666667 0.6319444444444444 0.15729166666666666 0.19722222222222222
71 0.49375 0.7694444444444445 0.09583333333333334 0.09722222222222222
