35 0.2390625 0.5638888888888889 0.06770833333333333 0.10555555555555556
5 0.7770833333333333 0.3729166666666667 0.08958333333333333 0.09027777777777778
5 0.6697916666666667 0.46319444444444446 0.10416666666666667 0.09861111111111111
5 0.6380208333333334 0.7340277777777777 0.090625 0.12638888888888888
5 0.7427083333333333 0.22083333333333333 0.08333333333333333 0.1
35 0.3776041666666667 0.18680555555555556 0.08020833333333334 0.09305555555555556
35 0.328125 0.4534722222222222 0.09166666666666666 0.12361111111111112
5 0.63125 0.19375 0.0875 0.11805555555555555
5 0.7760416666666666 0.5548611111111111 0.09791666666666667 0.09305555555555556
35 0.27760416666666665 0.2152777777777778 0.06979166666666667 0.09444444444444444
5 0.7421875 0.7291666666666666 0.08229166666666667 0.10833333333333334
35 0.2390625 0.37569444444444444 0.06770833333333333 0.10138888888888889
35 0.35052083333333334 0.7180555555555556 0.084375 0.10277777777777777
35 0.2682291666666667 0.7256944444444444 0.06770833333333333 0.09583333333333334
