102 0.5885416666666666 0.74375 0.10208333333333333 0.06805555555555555
102 0.3609375 0.7638888888888888 0.109375 0.06666666666666667
102 0.33229166666666665 0.4826388888888889 0.12708333333333333 0.0875
102 0.3458333333333333 0.40069444444444446 0.125 0.08194444444444444
102 0.615625 0.4777777777777778 0.14375 0.07222222222222222
102 0.6098958333333333 0.5569444444444445 0.13645833333333332 0.07777777777777778
102 0.5880208333333333 0.6909722222222222 0.12604166666666666 0.059722222222222225
102 0.61875 0.6305555555555555 0.11875 0.06666666666666667
102 0.3494791666666667 0.2708333333333333 0.11354166666666667 0.06388888888888888
102 0.3390625 0.6006944444444444 0.13854166666666667 0.09583333333333334
102 0.35 0.7145833333333333 0.10833333333333334 0.06805555555555555
102 0.35520833333333335 0.65625 0.12708333333333333 0.0763888888888889
102 0.5942708333333333 0.28125 0.11770833333333333 0.0875
102 0.6083333333333333 0.4076388888888889 0.12916666666666668 0.0763888888888889
102 0.6046875 0.3472222222222222 0.12395833333333334 0.08055555555555556
102 0.3489583333333333 0.32569444444444445 0.11458333333333333 0.07083333333333333
