23 0.8385416666666666 0.50625 0.09166666666666666 0.11805555555555555
23 0.7802083333333333 0.7673611111111112 0.07916666666666666 0.10972222222222222
17 0.4010416666666667 0.13819444444444445 0.09166666666666666 0.13472222222222222
23 0.5067708333333333 0.8381944444444445 0.10104166666666667 0.1486111111111111
17 0.25364583333333335 0.18819444444444444 0.08020833333333334 0.10972222222222222
17 0.4041666666666667 0.8173611111111111 0.08958333333333333 0.13472222222222222
17 0.50625 0.11805555555555555 0.09375 0.14166666666666666
23 0.6234375 0.8229166666666666 0.09895833333333333 0.14583333333333334
17 0.1984375 0.4597222222222222 0.09479166666666666 0.11666666666666667
23 0.6114583333333333 0.12777777777777777 0.1 0.15
17 0.3182291666666667 0.7805555555555556 0.08645833333333333 0.11944444444444445
17 0.24895833333333334 0.7645833333333333 0.075 0.10694444444444444
23 0.7875 0.19375 0.07916666666666666 0.10694444444444444
23 0.7052083333333333 0.16180555555555556 0.09375 0.12638888888888888
