62 0.7723958333333333 0.5270833333333333 0.07604166666666666 0.09305555555555556
54 0.5140625 0.6645833333333333 0.096875 0.13194444444444445
62 0.7682291666666666 0.4284722222222222 0.06770833333333333 0.10416666666666667
61 0.40989583333333335 0.70625 0.09270833333333334 0.09027777777777778
62 0.7479166666666667 0.7166666666666667 0.07291666666666667 0.09444444444444444
54 0.240625 0.3125 0.058333333333333334 0.08055555555555556
60 0.5161458333333333 0.24027777777777778 0.06354166666666666 0.08333333333333333
62 0.5927083333333333 0.22708333333333333 0.07916666666666666 0.10972222222222222
67 0.34270833333333334 0.21180555555555555 0.09375 0.09861111111111111
67 0.7036458333333333 0.5701388888888889 0.103125 0.15694444444444444
62 0.7645833333333333 0.6270833333333333 0.075 0.09305555555555556
67 0.6984375 0.4173611111111111 0.10104166666666667 0.1486111111111111
39 0.18385416666666668 0.7291666666666666 0.08229166666666667 0.10277777777777777
61 0.39947916666666666 0.6118055555555556 0.103125 0.09305555555555556
39 0.15677083333333333 0.49444444444444446 0.084375 0.11944444444444445
60 0.33697916666666666 0.7583333333333333 0.06979166666666667 0.09166666666666666
60 0.32135416666666666 0.6881944444444444 0.07604166666666666 0.09583333333333334
60 0.53125 0.5347222222222222 0.08333333333333333 0.10555555555555556
60 0.5244791666666667 0.4173611111111111 0.08645833333333333 0.1125
61 0.4036458333333333 0.33402777777777776 0.08854166666666667 0.08472222222222223
54 0.23020833333333332 0.3951388888888889 0.06041666666666667 0.09305555555555556
60 0.5171875 0.17777777777777778 0.059375 0.06666666666666667
39 0.15729166666666666 0.6166666666666667 0.075 0.11388888888888889
61 0.396875 0.5173611111111112 0.10416666666666667 0.09583333333333334
61 0.41458333333333336 0.7784722222222222 0.08958333333333333 0.07361111111111111
60 0.496875 0.3263888888888889 0.07916666666666666 0.11388888888888889
61 0.396875 0.4215277777777778 0.10208333333333333 0.09583333333333334
39 0.23854166666666668 0.6034722222222222 0.12291666666666666 0.14027777777777778
67 0.32083333333333336 0.32013888888888886 0.1 0.1375
54 0.2578125 0.24583333333333332 0.057291666666666664 0.06944444444444445
67 0.6807291666666667 0.2833333333333333 0.09479166666666666 0.12222222222222222
54 0.303125 0.44166666666666665 0.07916666666666666 0.10833333333333334
62 0.6057291666666667 0.32083333333333336 0.09479166666666666 0.13333333333333333
