36 0.7557291666666667 0.20208333333333334 0.06979166666666667 0.10694444444444444
36 0.5703125 0.8284722222222223 0.11770833333333333 0.12916666666666668
36 0.22447916666666667 0.19444444444444445 0.06979166666666667 0.10277777777777777
36 0.41875 0.8305555555555556 0.11666666666666667 0.12777777777777777
36 0.6864583333333333 0.7944444444444444 0.09375 0.12222222222222222
36 0.41302083333333334 0.13125 0.10729166666666666 0.10972222222222222
36 0.8135416666666667 0.4909722222222222 0.06041666666666667 0.12916666666666668
36 0.171875 0.5826388888888889 0.06666666666666667 0.12916666666666668
36 0.17708333333333334 0.37916666666666665 0.07291666666666667 0.13055555555555556
36 0.7666666666666667 0.7777777777777778 0.06875 0.10555555555555556
36 0.5515625 0.13402777777777777 0.109375 0.10972222222222222
36 0.30625 0.16875 0.09166666666666666 0.10972222222222222
36 0.20989583333333334 0.7638888888888888 0.071875 0.1111111111111111
