0 0.3234375 0.20972222222222223 0.078125 0.08888888888888889
103 0.61875 0.7215277777777778 0.10833333333333334 0.13194444444444445
103 0.6994791666666667 0.6916666666666667 0.06770833333333333 0.11666666666666667
103 0.48385416666666664 0.7513888888888889 0.12604166666666666 0.13333333333333333
63 0.290625 0.5305555555555556 0.1 0.1638888888888889
103 0.6661458333333333 0.7819444444444444 0.06979166666666667 0.08055555555555556
0 0.41510416666666666 0.18611111111111112 0.103125 0.08888888888888889
41 0.24583333333333332 0.4270833333333333 0.06875 0.12361111111111112
103 0.5833333333333334 0.8201388888888889 0.08958333333333333 0.07916666666666666
0 0.31927083333333334 0.325 0.103125 0.15
103 0.48125 0.8395833333333333 0.1 0.07083333333333333
63 0.2625 0.30625 0.06041666666666667 0.10972222222222222
