25 0.8291666666666667 0.48541666666666666 0.08333333333333333 0.12083333333333333
24 0.4901041666666667 0.7277777777777777 0.10104166666666667 0.16111111111111112
15 0.6958333333333333 0.7201388888888889 0.11875 0.1486111111111111
25 0.275 0.7611111111111111 0.10208333333333333 0.13333333333333333
93 0.4734375 0.25625 0.08854166666666667 0.15694444444444444
39 0.7854166666666667 0.7631944444444444 0.08333333333333333 0.10972222222222222
17 0.2640625 0.33055555555555555 0.10520833333333333 0.12777777777777777
22 0.4708333333333333 0.46944444444444444 0.11458333333333333 0.1527777777777778
93 0.48072916666666665 0.16527777777777777 0.07395833333333333 0.10555555555555556
24 0.49583333333333335 0.8277777777777777 0.08958333333333333 0.12222222222222222
17 0.7203125 0.38055555555555554 0.11354166666666667 0.1361111111111111
39 0.22083333333333333 0.8013888888888889 0.07083333333333333 0.1
17 0.7265625 0.5236111111111111 0.11770833333333333 0.13333333333333333
17 0.25104166666666666 0.49722222222222223 0.11666666666666667 0.12777777777777777
25 0.16145833333333334 0.46805555555555556 0.07916666666666666 0.11666666666666667
