5 0.8109375 0.7006944444444444 0.06145833333333333 0.09583333333333334
62 0.2328125 0.35694444444444445 0.06770833333333333 0.10277777777777777
50 0.4708333333333333 0.7020833333333333 0.22916666666666666 0.24583333333333332
5 0.8338541666666667 0.5381944444444444 0.04895833333333333 0.10138888888888889
79 0.7302083333333333 0.3277777777777778 0.1125 0.2
5 0.22708333333333333 0.7 0.058333333333333334 0.09722222222222222
5 0.25677083333333334 0.7847222222222222 0.046875 0.07222222222222222
71 0.7286458333333333 0.8131944444444444 0.07395833333333333 0.08194444444444444
49 0.6182291666666667 0.7965277777777777 0.184375 0.17083333333333334
54 0.2520833333333333 0.5326388888888889 0.0625 0.1375
50 0.43385416666666665 0.8333333333333334 0.15104166666666666 0.10833333333333334
60 0.25625 0.26944444444444443 0.0625 0.08055555555555556
62 0.8098958333333334 0.3576388888888889 0.071875 0.10972222222222222
62 0.2078125 0.5354166666666667 0.046875 0.10416666666666667
54 0.7833333333333333 0.5298611111111111 0.06666666666666667 0.14027777777777778
5 0.7848958333333333 0.7826388888888889 0.046875 0.07083333333333333
35 0.7598958333333333 0.7263888888888889 0.08854166666666667 0.13055555555555556
83 0.5385416666666667 0.4027777777777778 0.30625 0.36666666666666664
73 0.2833333333333333 0.3625 0.06666666666666667 0.08611111111111111
71 0.31354166666666666 0.8145833333333333 0.07916666666666666 0.08472222222222223
35 0.2796875 0.7270833333333333 0.084375 0.13472222222222222
