23 0.2421875 0.7881944444444444 0.07604166666666666 0.10138888888888889
23 0.43125 0.9020833333333333 0.09375 0.13472222222222222
17 0.8223958333333333 0.5645833333333333 0.08645833333333333 0.10416666666666667
23 0.38229166666666664 0.19027777777777777 0.11041666666666666 0.15833333333333333
23 0.5135416666666667 0.16944444444444445 0.11041666666666666 0.17222222222222222
17 0.7880208333333333 0.2791666666666667 0.07604166666666666 0.10277777777777777
17 0.6244791666666667 0.19722222222222222 0.10104166666666667 0.15555555555555556
17 0.7765625 0.7909722222222222 0.07395833333333333 0.09861111111111111
23 0.31614583333333335 0.8541666666666666 0.090625 0.11944444444444445
17 0.6359375 0.8729166666666667 0.084375 0.12916666666666668
23 0.2296875 0.28055555555555556 0.08020833333333334 0.10833333333333334
17 0.7182291666666667 0.23055555555555557 0.090625 0.13055555555555556
17 0.5375 0.89375 0.08958333333333333 0.13472222222222222
23 0.19427083333333334 0.5486111111111112 0.090625 0.11388888888888889
