53 0.11770833333333333 0.5465277777777777 0.09166666666666666 0.15416666666666667
62 0.27239583333333334 0.8493055555555555 0.10520833333333333 0.12083333333333333
62 0.19895833333333332 0.1625 0.04583333333333333 0.06666666666666667
53 0.21354166666666666 0.7486111111111111 0.14375 0.18611111111111112
62 0.20520833333333333 0.5763888888888888 0.12708333333333333 0.15833333333333333
62 0.15208333333333332 0.6826388888888889 0.075 0.10138888888888889
53 0.15677083333333333 0.2548611111111111 0.09270833333333334 0.12083333333333333
53 0.1734375 0.825 0.07395833333333333 0.07777777777777778
53 0.18489583333333334 0.3951388888888889 0.15729166666666666 0.19583333333333333
62 0.240625 0.25277777777777777 0.11458333333333333 0.1527777777777778
53 0.2630208333333333 0.14027777777777778 0.11770833333333333 0.1388888888888889
