42 0.32447916666666665 0.18055555555555555 0.090625 0.1388888888888889
15 0.7682291666666666 0.7569444444444444 0.07604166666666666 0.10833333333333334
42 0.40729166666666666 0.1638888888888889 0.10208333333333333 0.15
42 0.25364583333333335 0.21041666666666667 0.08229166666666667 0.11805555555555555
42 0.3927083333333333 0.7833333333333333 0.10416666666666667 0.15
42 0.25885416666666666 0.7451388888888889 0.08854166666666667 0.12083333333333333
42 0.5026041666666666 0.7979166666666667 0.096875 0.15694444444444444
15 0.7744791666666667 0.20972222222222223 0.08229166666666667 0.10833333333333334
15 0.6052083333333333 0.1486111111111111 0.09791666666666667 0.14166666666666666
15 0.6953125 0.7729166666666667 0.09270833333333334 0.12361111111111112
15 0.8171875 0.5180555555555556 0.09270833333333334 0.11944444444444445
42 0.21041666666666667 0.475 0.1 0.11944444444444445
15 0.503125 0.13125 0.09791666666666667 0.14583333333333334
15 0.6 0.8055555555555556 0.09791666666666667 0.1361111111111111
