13 0.8489583333333334 0.5756944444444444 0.08541666666666667 0.10972222222222222
19 0.5958333333333333 0.8138888888888889 0.1 0.1388888888888889
24 0.36302083333333335 0.3125 0.109375 0.14166666666666666
13 0.16979166666666667 0.7013888888888888 0.08541666666666667 0.10833333333333334
8 0.234375 0.44305555555555554 0.11041666666666666 0.125
24 0.34791666666666665 0.45069444444444445 0.125 0.14027777777777778
95 0.7598958333333333 0.28888888888888886 0.071875 0.09166666666666666
10 0.2578125 0.30069444444444443 0.10520833333333333 0.14583333333333334
9 0.8057291666666667 0.6868055555555556 0.084375 0.10138888888888889
8 0.240625 0.58125 0.11458333333333333 0.12916666666666668
5 0.49583333333333335 0.8125 0.058333333333333334 0.10555555555555556
5 0.5010416666666667 0.7222222222222222 0.07291666666666667 0.1361111111111111
13 0.14635416666666667 0.43333333333333335 0.08645833333333333 0.10833333333333334
10 0.7171875 0.7479166666666667 0.10729166666666666 0.14583333333333334
24 0.35520833333333335 0.5916666666666667 0.12291666666666666 0.14166666666666666
53 0.6817708333333333 0.29791666666666666 0.09270833333333334 0.12361111111111112
10 0.7401041666666667 0.5701388888888889 0.12604166666666666 0.14583333333333334
24 0.36614583333333334 0.7229166666666667 0.11145833333333334 0.14027777777777778
13 0.14583333333333334 0.5652777777777778 0.08958333333333333 0.10555555555555556
9 0.7770833333333333 0.7854166666666667 0.06458333333333334 0.09583333333333334
5 0.5088541666666667 0.34791666666666665 0.078125 0.1375
19 0.6109375 0.4041666666666667 0.134375 0.16666666666666666
13 0.21197916666666666 0.8090277777777778 0.08020833333333334 0.10694444444444444
19 0.6046875 0.7138888888888889 0.121875 0.1638888888888889
9 0.1875 0.3236111111111111 0.075 0.1111111111111111
5 0.48854166666666665 0.6090277777777777 0.07708333333333334 0.13194444444444445
8 0.29322916666666665 0.8125 0.08854166666666667 0.11666666666666667
24 0.3875 0.81875 0.09166666666666666 0.11527777777777778
95 0.7729166666666667 0.3659722222222222 0.07708333333333334 0.09305555555555556
8 0.2630208333333333 0.7138888888888889 0.103125 0.12777777777777777
5 0.5010416666666667 0.475 0.07708333333333334 0.1111111111111111
19 0.6083333333333333 0.5652777777777778 0.13958333333333334 0.1527777777777778
53 0.6979166666666666 0.43194444444444446 0.10208333333333333 0.12777777777777777
95 0.7880208333333333 0.4597222222222222 0.07604166666666666 0.09166666666666666
19 0.5979166666666667 0.2659722222222222 0.11041666666666666 0.16805555555555557
