49 0.6385416666666667 0.5583333333333333 0.2375 0.36944444444444446
35 0.2796875 0.7305555555555555 0.08645833333333333 0.125
79 0.6755208333333333 0.22083333333333333 0.128125 0.15
5 0.2552083333333333 0.7840277777777778 0.04791666666666667 0.06805555555555555
62 0.23645833333333333 0.3541666666666667 0.07708333333333334 0.1
5 0.22552083333333334 0.6430555555555556 0.084375 0.09444444444444444
5 0.809375 0.6993055555555555 0.06458333333333334 0.09861111111111111
71 0.3109375 0.8152777777777778 0.07395833333333333 0.08333333333333333
50 0.4390625 0.6895833333333333 0.21354166666666666 0.25416666666666665
62 0.8041666666666667 0.34444444444444444 0.08125 0.10555555555555556
62 0.21666666666666667 0.5402777777777777 0.06666666666666667 0.09444444444444444
35 0.7619791666666667 0.725 0.08645833333333333 0.13055555555555556
54 0.7864583333333334 0.48125 0.0625 0.14027777777777778
83 0.36666666666666664 0.27569444444444446 0.175 0.24583333333333332
50 0.41510416666666666 0.8284722222222223 0.146875 0.10972222222222222
60 0.259375 0.27152777777777776 0.06875 0.08472222222222223
71 0.728125 0.8111111111111111 0.07708333333333334 0.08333333333333333
49 0.5984375 0.8069444444444445 0.19479166666666667 0.15
50 0.525 0.29444444444444445 0.23958333333333334 0.23055555555555557
5 0.7864583333333334 0.78125 0.04791666666666667 0.07083333333333333
62 0.8223958333333333 0.5381944444444444 0.06979166666666667 0.09583333333333334
54 0.2520833333333333 0.47847222222222224 0.0625 0.13472222222222222
