21 0.7635416666666667 0.7729166666666667 0.08958333333333333 0.11805555555555555
72 0.36666666666666664 0.6229166666666667 0.1 0.12083333333333333
65 0.490625 0.5854166666666667 0.10208333333333333 0.08472222222222223
65 0.49270833333333336 0.73125 0.09166666666666666 0.06527777777777778
69 0.596875 0.5833333333333334 0.09166666666666666 0.08333333333333333
65 0.490625 0.6638888888888889 0.09583333333333334 0.075
21 0.7979166666666667 0.65 0.09375 0.11666666666666667
69 0.58125 0.7784722222222222 0.08125 0.0625
72 0.39739583333333334 0.7263888888888889 0.090625 0.10833333333333334
72 0.3880208333333333 0.5034722222222222 0.10520833333333333 0.13194444444444445
21 0.8083333333333333 0.5097222222222222 0.1 0.11944444444444445
69 0.59375 0.4965277777777778 0.09791666666666667 0.08472222222222223
10 0.171875 0.5861111111111111 0.08125 0.11666666666666667
16 0.3 0.6916666666666667 0.09375 0.11944444444444445
10 0.19583333333333333 0.7041666666666667 0.08541666666666667 0.11388888888888889
69 0.5885416666666666 0.725 0.08541666666666667 0.06944444444444445
65 0.49270833333333336 0.5013888888888889 0.1 0.08611111111111111
72 0.39895833333333336 0.8097222222222222 0.08333333333333333 0.08055555555555556
71 0.6869791666666667 0.7006944444444444 0.08229166666666667 0.09583333333333334
16 0.2786458333333333 0.5680555555555555 0.09479166666666666 0.12222222222222222
10 0.2328125 0.80625 0.078125 0.10972222222222222
16 0.3182291666666667 0.7895833333333333 0.08229166666666667 0.10694444444444444
71 0.6708333333333333 0.7819444444444444 0.07291666666666667 0.08333333333333333
10 0.16822916666666668 0.46319444444444446 0.08229166666666667 0.11805555555555555
69 0.59375 0.6597222222222222 0.0875 0.075
65 0.4947916666666667 0.7847222222222222 0.0875 0.058333333333333334
71 0.6947916666666667 0.6 0.08541666666666667 0.1111111111111111
