72 0.2359375 0.7145833333333333 0.059375 0.08194444444444444
15 0.734375 0.5701388888888889 0.11875 0.14027777777777778
38 0.8229166666666666 0.7048611111111112 0.0875 0.11805555555555555
72 0.22395833333333334 0.6270833333333333 0.0625 0.09583333333333334
15 0.7229166666666667 0.7111111111111111 0.0875 0.1388888888888889
16 0.48020833333333335 0.8173611111111111 0.08541666666666667 0.12638888888888888
72 0.22447916666666667 0.3625 0.059375 0.09722222222222222
15 0.6744791666666666 0.8270833333333333 0.09270833333333334 0.1125
15 0.66875 0.20347222222222222 0.09375 0.12916666666666668
14 0.6432291666666666 0.7111111111111111 0.13020833333333334 0.16666666666666666
0 0.3046875 0.4930555555555556 0.071875 0.10833333333333334
53 0.3921875 0.7868055555555555 0.090625 0.1375
53 0.3963541666666667 0.21597222222222223 0.09479166666666666 0.14027777777777778
14 0.5828125 0.8645833333333334 0.09895833333333333 0.13194444444444445
72 0.21822916666666667 0.5305555555555556 0.065625 0.10277777777777777
