103 0.6171875 0.20902777777777778 0.13854166666666667 0.15138888888888888
103 0.6708333333333333 0.6138888888888889 0.14791666666666667 0.2111111111111111
6 0.3223958333333333 0.7715277777777778 0.12395833333333334 0.15138888888888888
96 0.15364583333333334 0.5548611111111111 0.053125 0.12638888888888888
64 0.2708333333333333 0.8166666666666667 0.06458333333333334 0.08611111111111111
96 0.18125 0.2951388888888889 0.0625 0.11527777777777778
96 0.1578125 0.41805555555555557 0.05520833333333333 0.13055555555555556
6 0.2828125 0.5951388888888889 0.13645833333333332 0.1986111111111111
103 0.63125 0.7930555555555555 0.13541666666666666 0.1527777777777778
63 0.4661458333333333 0.09583333333333334 0.115625 0.07777777777777778
64 0.24114583333333334 0.7284722222222222 0.057291666666666664 0.10138888888888889
103 0.58125 0.10416666666666667 0.1125 0.08333333333333333
63 0.44583333333333336 0.38263888888888886 0.18333333333333332 0.24027777777777778
6 0.31979166666666664 0.22291666666666668 0.11666666666666667 0.14305555555555555
6 0.284375 0.3888888888888889 0.13125 0.19166666666666668
63 0.45208333333333334 0.19652777777777777 0.15 0.14305555555555555
63 0.4666666666666667 0.8173611111111111 0.15 0.14027777777777778
6 0.35885416666666664 0.11805555555555555 0.09895833333333333 0.08611111111111111
63 0.4625 0.9166666666666666 0.12083333333333333 0.08611111111111111
96 0.17395833333333333 0.6840277777777778 0.0625 0.12083333333333333
103 0.6536458333333334 0.39305555555555555 0.15729166666666666 0.2222222222222222
103 0.5807291666666666 0.9027777777777778 0.11354166666666667 0.08888888888888889
64 0.24791666666666667 0.2520833333333333 0.052083333333333336 0.09305555555555556
96 0.21822916666666667 0.1951388888888889 0.065625 0.09305555555555556
64 0.225 0.36041666666666666 0.04791666666666667 0.12361111111111112
64 0.21822916666666667 0.49027777777777776 0.051041666666666666 0.125
63 0.4583333333333333 0.6333333333333333 0.18541666666666667 0.24166666666666667
96 0.20572916666666666 0.7895833333333333 0.06354166666666666 0.09861111111111111
64 0.21927083333333333 0.6159722222222223 0.04895833333333333 0.12916666666666668
6 0.3515625 0.8819444444444444 0.103125 0.09166666666666666
64 0.2833333333333333 0.16805555555555557 0.06041666666666667 0.07777777777777778
