45 0.8265625 0.2388888888888889 0.06979166666666667 0.13055555555555556
45 0.1578125 0.6472222222222223 0.06145833333333333 0.14166666666666666
45 0.7557291666666667 0.20069444444444445 0.096875 0.1486111111111111
45 0.30052083333333335 0.8715277777777778 0.096875 0.13472222222222222
45 0.2140625 0.8277777777777777 0.078125 0.11944444444444445
45 0.20104166666666667 0.24097222222222223 0.07916666666666666 0.13194444444444445
45 0.8427083333333333 0.7006944444444444 0.075 0.14305555555555555
45 0.8041666666666667 0.8215277777777777 0.07916666666666666 0.12083333333333333
45 0.675 0.6868055555555556 0.13958333333333334 0.24583333333333332
45 0.1625 0.4041666666666667 0.07083333333333333 0.1361111111111111
45 0.6171875 0.9111111111111111 0.10104166666666667 0.1361111111111111
45 0.24583333333333332 0.6493055555555556 0.11666666666666667 0.2013888888888889
45 0.64375 0.1486111111111111 0.11666666666666667 0.1527777777777778
45 0.4552083333333333 0.12152777777777778 0.10416666666666667 0.13194444444444445
45 0.44166666666666665 0.9236111111111112 0.09583333333333334 0.13055555555555556
45 0.8630208333333333 0.48541666666666666 0.059375 0.13472222222222222
