41 0.665625 0.78125 0.12291666666666666 0.1486111111111111
6 0.6604166666666667 0.21875 0.12708333333333333 0.14583333333333334
0 0.6354166666666666 0.8909722222222223 0.10416666666666667 0.0875
53 0.7432291666666667 0.8798611111111111 0.109375 0.12638888888888888
53 0.7291666666666666 0.12361111111111112 0.10416666666666667 0.12777777777777777
53 0.7864583333333334 0.24027777777777778 0.125 0.16666666666666666
53 0.7916666666666666 0.7666666666666667 0.12916666666666668 0.16944444444444445
1 0.621875 0.11527777777777778 0.10625 0.08888888888888889
53 0.828125 0.40902777777777777 0.13541666666666666 0.1875
53 0.8286458333333333 0.5993055555555555 0.13645833333333332 0.18472222222222223
63 0.6942708333333333 0.39375 0.134375 0.20694444444444443
37 0.6953125 0.6055555555555555 0.13020833333333334 0.20555555555555555
