0 0.7666666666666667 0.5611111111111111 0.058333333333333334 0.09722222222222222
0 0.5161458333333333 0.7520833333333333 0.08229166666666667 0.09027777777777778
0 0.28854166666666664 0.2375 0.058333333333333334 0.08888888888888889
0 0.7375 0.24027777777777778 0.05625 0.08611111111111111
0 0.509375 0.20208333333333334 0.07916666666666666 0.0875
0 0.2520833333333333 0.4444444444444444 0.06041666666666667 0.10277777777777777
0 0.6010416666666667 0.7402777777777778 0.07916666666666666 0.09166666666666666
0 0.6671875 0.22569444444444445 0.06979166666666667 0.09027777777777778
0 0.4276041666666667 0.7451388888888889 0.078125 0.09027777777777778
0 0.5911458333333334 0.2076388888888889 0.078125 0.0875
0 0.3515625 0.7263888888888889 0.06979166666666667 0.08888888888888889
0 0.7390625 0.7145833333333333 0.057291666666666664 0.08194444444444444
0 0.7630208333333334 0.3798611111111111 0.057291666666666664 0.09861111111111111
0 0.425 0.21041666666666667 0.07916666666666666 0.0875
0 0.2838541666666667 0.7152777777777778 0.06145833333333333 0.08333333333333333
