37 0.7953125 0.7729166666666667 0.06770833333333333 0.10416666666666667
37 0.23125 0.16319444444444445 0.06666666666666667 0.10416666666666667
37 0.234375 0.7666666666666667 0.06458333333333334 0.10833333333333334
37 0.5932291666666667 0.07152777777777777 0.11354166666666667 0.10138888888888889
37 0.5833333333333334 0.85625 0.1125 0.10138888888888889
37 0.8598958333333333 0.4673611111111111 0.057291666666666664 0.14305555555555555
37 0.7182291666666667 0.12013888888888889 0.09479166666666666 0.1125
37 0.434375 0.8493055555555555 0.1125 0.10416666666666667
37 0.17760416666666667 0.4888888888888889 0.057291666666666664 0.13333333333333333
37 0.45416666666666666 0.06944444444444445 0.11458333333333333 0.1
