62 0.8255208333333334 0.5486111111111112 0.06145833333333333 0.10555555555555556
50 0.44479166666666664 0.8270833333333333 0.16041666666666668 0.11805555555555555
54 0.7817708333333333 0.58125 0.06979166666666667 0.13472222222222222
71 0.7291666666666666 0.8131944444444444 0.075 0.07916666666666666
5 0.7848958333333333 0.7840277777777778 0.046875 0.07361111111111111
5 0.22916666666666666 0.7236111111111111 0.05 0.08055555555555556
62 0.21354166666666666 0.5402777777777777 0.05625 0.10555555555555556
79 0.359375 0.23125 0.13125 0.1597222222222222
62 0.8098958333333334 0.3736111111111111 0.078125 0.10833333333333334
5 0.2609375 0.79375 0.051041666666666666 0.0763888888888889
50 0.3927083333333333 0.6472222222222223 0.18958333333333333 0.26944444444444443
60 0.26145833333333335 0.2590277777777778 0.06666666666666667 0.08194444444444444
35 0.27708333333333335 0.7131944444444445 0.08541666666666667 0.13472222222222222
54 0.25416666666666665 0.5652777777777778 0.06458333333333334 0.13333333333333333
35 0.7572916666666667 0.7270833333333333 0.0875 0.13194444444444445
83 0.5776041666666667 0.4354166666666667 0.29270833333333335 0.3902777777777778
71 0.3145833333333333 0.8125 0.07708333333333334 0.09166666666666666
62 0.23541666666666666 0.34930555555555554 0.06875 0.10694444444444444
73 0.29010416666666666 0.33194444444444443 0.06354166666666666 0.08888888888888889
5 0.8109375 0.7152777777777778 0.057291666666666664 0.08611111111111111
49 0.6203125 0.7881944444444444 0.18854166666666666 0.17916666666666667
