29 0.5635416666666667 0.8569444444444444 0.09375 0.11666666666666667
3 0.7828125 0.3729166666666667 0.084375 0.20694444444444443
29 0.5885416666666666 0.68125 0.13333333333333333 0.2652777777777778
4 0.2578125 0.7444444444444445 0.12604166666666666 0.16111111111111112
3 0.7572916666666667 0.20902777777777778 0.07083333333333333 0.14583333333333334
3 0.7541666666666667 0.7861111111111111 0.06458333333333334 0.14722222222222223
3 0.7859375 0.63125 0.078125 0.20694444444444443
28 0.42604166666666665 0.35833333333333334 0.17916666666666667 0.25555555555555554
29 0.5723958333333333 0.36736111111111114 0.11770833333333333 0.29583333333333334
29 0.5932291666666667 0.1840277777777778 0.096875 0.14583333333333334
28 0.41875 0.6201388888888889 0.18958333333333333 0.24305555555555555
4 0.240625 0.3784722222222222 0.10625 0.15416666666666667
4 0.253125 0.23819444444444443 0.12291666666666666 0.14583333333333334
28 0.4359375 0.19583333333333333 0.153125 0.19722222222222222
4 0.221875 0.5694444444444444 0.125 0.16111111111111112
28 0.46927083333333336 0.85 0.11145833333333334 0.14444444444444443
