33 0.7734375 0.7888888888888889 0.07395833333333333 0.12222222222222222
33 0.7734375 0.20625 0.059375 0.10694444444444444
33 0.6942708333333333 0.8138888888888889 0.103125 0.13333333333333333
33 0.30104166666666665 0.13958333333333334 0.10416666666666667 0.10972222222222222
33 0.17447916666666666 0.31527777777777777 0.07604166666666666 0.1
33 0.20885416666666667 0.7958333333333333 0.084375 0.10833333333333334
33 0.41510416666666666 0.10555555555555556 0.121875 0.1
33 0.2125 0.1840277777777778 0.07708333333333334 0.09583333333333334
33 0.8203125 0.49166666666666664 0.06979166666666667 0.15555555555555556
33 0.16041666666666668 0.5777777777777777 0.07291666666666667 0.13333333333333333
33 0.5671875 0.8527777777777777 0.146875 0.12777777777777777
33 0.4083333333333333 0.8493055555555555 0.14583333333333334 0.10416666666666667
33 0.5661458333333333 0.11597222222222223 0.12604166666666666 0.10416666666666667
