102 0.3328125 0.26666666666666666 0.128125 0.08611111111111111
102 0.6614583333333334 0.7868055555555555 0.11666666666666667 0.08472222222222223
102 0.31979166666666664 0.6590277777777778 0.14166666666666666 0.10416666666666667
102 0.32916666666666666 0.3458333333333333 0.14166666666666666 0.09722222222222222
102 0.6677083333333333 0.22291666666666668 0.12708333333333333 0.0875
102 0.6932291666666667 0.5770833333333333 0.134375 0.09583333333333334
102 0.50625 0.7597222222222222 0.17708333333333334 0.08055555555555556
102 0.6791666666666667 0.2881944444444444 0.12916666666666668 0.09861111111111111
102 0.515625 0.3548611111111111 0.18958333333333333 0.09305555555555556
102 0.69375 0.4861111111111111 0.13958333333333334 0.10555555555555556
102 0.503125 0.6763888888888889 0.19166666666666668 0.10555555555555556
102 0.31979166666666664 0.5604166666666667 0.12916666666666668 0.10972222222222222
102 0.6697916666666667 0.7402777777777778 0.1375 0.08055555555555556
102 0.34479166666666666 0.2076388888888889 0.12083333333333333 0.07361111111111111
102 0.6885416666666667 0.6534722222222222 0.13333333333333333 0.10694444444444444
102 0.5046875 0.1951388888888889 0.178125 0.07361111111111111
102 0.690625 0.38055555555555554 0.13541666666666666 0.09722222222222222
102 0.32083333333333336 0.45625 0.12291666666666666 0.10416666666666667
102 0.33229166666666665 0.7416666666666667 0.13541666666666666 0.1
102 0.5010416666666667 0.5680555555555555 0.21666666666666667 0.10555555555555556
102 0.3494791666666667 0.8020833333333334 0.12604166666666666 0.08194444444444444
102 0.5072916666666667 0.4618055555555556 0.2125 0.10694444444444444
102 0.5036458333333333 0.8263888888888888 0.17395833333333333 0.075
102 0.5109375 0.26319444444444445 0.184375 0.09027777777777778
