4 0.6375 0.7125 0.06875 0.1361111111111111
4 0.5588541666666667 0.6006944444444444 0.10729166666666666 0.12638888888888888
3 0.5583333333333333 0.44166666666666665 0.10833333333333334 0.13055555555555556
32 0.384375 0.6034722222222222 0.15625 0.20694444444444443
32 0.28125 0.7451388888888889 0.11041666666666666 0.1486111111111111
32 0.39791666666666664 0.7694444444444445 0.13958333333333334 0.13333333333333333
35 0.7489583333333333 0.6638888888888889 0.06875 0.09444444444444444
35 0.7671875 0.475 0.065625 0.10277777777777777
35 0.7651041666666667 0.5722222222222222 0.065625 0.09722222222222222
32 0.275 0.2513888888888889 0.10833333333333334 0.14444444444444443
4 0.6442708333333333 0.5791666666666667 0.06354166666666666 0.14722222222222223
32 0.24739583333333334 0.5881944444444445 0.109375 0.18194444444444444
4 0.63125 0.2951388888888889 0.09791666666666667 0.12916666666666668
32 0.35520833333333335 0.39861111111111114 0.14583333333333334 0.2111111111111111
4 0.5552083333333333 0.7173611111111111 0.10208333333333333 0.12083333333333333
32 0.24010416666666667 0.4076388888888889 0.09270833333333334 0.18194444444444444
4 0.6520833333333333 0.4354166666666667 0.09166666666666666 0.14027777777777778
