53 0.11927083333333334 0.5465277777777777 0.090625 0.15138888888888888
62 0.27760416666666665 0.8472222222222222 0.10520833333333333 0.1361111111111111
62 0.240625 0.2520833333333333 0.1125 0.15138888888888888
62 0.2833333333333333 0.15138888888888888 0.1 0.12222222222222222
53 0.18177083333333333 0.8076388888888889 0.09270833333333334 0.10972222222222222
62 0.2078125 0.5694444444444444 0.13020833333333334 0.15833333333333333
53 0.16145833333333334 0.25833333333333336 0.09791666666666667 0.1361111111111111
53 0.14479166666666668 0.6902777777777778 0.10833333333333334 0.13333333333333333
62 0.21354166666666666 0.40347222222222223 0.12916666666666668 0.1625
53 0.1234375 0.39444444444444443 0.096875 0.15
53 0.20104166666666667 0.1527777777777778 0.08333333333333333 0.09722222222222222
62 0.23125 0.7291666666666666 0.11875 0.15555555555555556
