29 0.6151041666666667 0.17777777777777778 0.146875 0.18611111111111112
3 0.7833333333333333 0.75 0.11875 0.14722222222222223
3 0.79375 0.6020833333333333 0.11875 0.14027777777777778
28 0.43125 0.8263888888888888 0.08958333333333333 0.17222222222222222
28 0.45416666666666666 0.6541666666666667 0.14791666666666667 0.25833333333333336
4 0.265625 0.775 0.09583333333333334 0.17777777777777778
4 0.23020833333333332 0.4215277777777778 0.13333333333333333 0.1986111111111111
29 0.6265625 0.6381944444444444 0.15104166666666666 0.2652777777777778
3 0.7859375 0.42777777777777776 0.11770833333333333 0.14444444444444443
3 0.7760416666666666 0.26666666666666666 0.12916666666666668 0.1388888888888889
28 0.47604166666666664 0.37083333333333335 0.15208333333333332 0.2972222222222222
4 0.23645833333333333 0.6256944444444444 0.08541666666666667 0.2125
29 0.6239583333333333 0.3541666666666667 0.14791666666666667 0.23333333333333334
29 0.6 0.8076388888888889 0.15416666666666667 0.17083333333333334
28 0.48489583333333336 0.18472222222222223 0.11979166666666667 0.19166666666666668
4 0.2630208333333333 0.21736111111111112 0.096875 0.17083333333333334
