35 0.7328125 0.25069444444444444 0.13645833333333332 0.19027777777777777
35 0.8151041666666666 0.8166666666666667 0.07395833333333333 0.11388888888888889
35 0.8651041666666667 0.6479166666666667 0.06770833333333333 0.12638888888888888
35 0.5078125 0.4479166666666667 0.27395833333333336 0.3486111111111111
35 0.7333333333333333 0.7854166666666667 0.13333333333333333 0.17916666666666667
35 0.19375 0.8208333333333333 0.075 0.11944444444444445
35 0.5109375 0.9555555555555556 0.121875 0.08888888888888889
35 0.27291666666666664 0.2534722222222222 0.13541666666666666 0.19583333333333333
35 0.80625 0.18472222222222223 0.06875 0.10833333333333334
35 0.20416666666666666 0.1840277777777778 0.07083333333333333 0.10972222222222222
35 0.5484375 0.06180555555555556 0.11979166666666667 0.09861111111111111
35 0.86875 0.40625 0.06875 0.13194444444444445
35 0.13489583333333333 0.45902777777777776 0.06145833333333333 0.14027777777777778
35 0.2598958333333333 0.7618055555555555 0.13020833333333334 0.19583333333333333
