6 0.48072916666666665 0.5166666666666667 0.09895833333333333 0.12777777777777777
11 0.7020833333333333 0.8020833333333334 0.08958333333333333 0.1125
27 0.8208333333333333 0.4895833333333333 0.08125 0.11805555555555555
11 0.296875 0.8083333333333333 0.0875 0.11666666666666667
23 0.209375 0.2388888888888889 0.06875 0.09722222222222222
25 0.16302083333333334 0.4965277777777778 0.08229166666666667 0.12361111111111112
11 0.26145833333333335 0.6881944444444444 0.10208333333333333 0.13194444444444445
27 0.1828125 0.6659722222222222 0.07395833333333333 0.10416666666666667
9 0.7432291666666667 0.34791666666666665 0.109375 0.14305555555555555
23 0.175 0.3527777777777778 0.06875 0.10833333333333334
9 0.2755208333333333 0.225 0.09479166666666666 0.12777777777777777
9 0.7109375 0.225 0.096875 0.12222222222222222
27 0.8109375 0.6541666666666667 0.071875 0.10277777777777777
9 0.2421875 0.3576388888888889 0.10729166666666666 0.1375
23 0.803125 0.3138888888888889 0.075 0.10833333333333334
19 0.46458333333333335 0.8125 0.09375 0.1638888888888889
27 0.7802083333333333 0.7590277777777777 0.07708333333333334 0.09305555555555556
24 0.49270833333333336 0.22847222222222222 0.10416666666666667 0.14583333333333334
24 0.6026041666666667 0.8069444444444445 0.096875 0.13333333333333333
23 0.7713541666666667 0.2152777777777778 0.06145833333333333 0.1
27 0.2171875 0.775 0.07604166666666666 0.09166666666666666
11 0.7307291666666667 0.6902777777777778 0.103125 0.13333333333333333
