6 0.246875 0.7256944444444444 0.09791666666666667 0.14027777777777778
71 0.16354166666666667 0.7576388888888889 0.07083333333333333 0.10972222222222222
6 0.22135416666666666 0.5673611111111111 0.09270833333333334 0.17083333333333334
72 0.8078125 0.6527777777777778 0.09479166666666666 0.15833333333333333
71 0.2 0.8388888888888889 0.06875 0.08888888888888889
0 0.5984375 0.9027777777777778 0.11145833333333334 0.08333333333333333
35 0.8708333333333333 0.6215277777777778 0.05 0.12638888888888888
41 0.428125 0.8104166666666667 0.14375 0.14583333333333334
35 0.80625 0.8354166666666667 0.058333333333333334 0.0875
72 0.7359375 0.8777777777777778 0.08645833333333333 0.09444444444444444
71 0.13229166666666667 0.5194444444444445 0.06666666666666667 0.1388888888888889
6 0.27708333333333335 0.8375 0.08541666666666667 0.09166666666666666
41 0.41041666666666665 0.6243055555555556 0.17708333333333334 0.2263888888888889
35 0.8447916666666667 0.7388888888888889 0.05625 0.1111111111111111
41 0.4432291666666667 0.9118055555555555 0.115625 0.07916666666666666
0 0.6557291666666667 0.6173611111111111 0.153125 0.21805555555555556
71 0.14010416666666667 0.6486111111111111 0.071875 0.12222222222222222
35 0.8776041666666666 0.49027777777777776 0.04479166666666667 0.13333333333333333
72 0.8208333333333333 0.48194444444444445 0.08333333333333333 0.175
0 0.6244791666666667 0.7993055555555556 0.13645833333333332 0.1486111111111111
72 0.7796875 0.7861111111111111 0.09270833333333334 0.13333333333333333
