41 0.21302083333333333 0.21388888888888888 0.06354166666666666 0.10555555555555556
41 0.421875 0.12430555555555556 0.11458333333333333 0.10972222222222222
41 0.45677083333333335 0.9027777777777778 0.11354166666666667 0.10277777777777777
41 0.7921875 0.8048611111111111 0.06354166666666666 0.10416666666666667
41 0.7901041666666667 0.20972222222222223 0.065625 0.10555555555555556
41 0.7171875 0.8340277777777778 0.08645833333333333 0.10972222222222222
41 0.2921875 0.17222222222222222 0.08854166666666667 0.10833333333333334
41 0.1578125 0.5 0.05520833333333333 0.13333333333333333
41 0.5703125 0.11875 0.115625 0.10694444444444444
41 0.21770833333333334 0.80625 0.06875 0.10694444444444444
41 0.8458333333333333 0.5125 0.06041666666666667 0.13055555555555556
41 0.6098958333333333 0.8861111111111111 0.11354166666666667 0.10833333333333334
