69 0.603125 0.13819444444444445 0.11875 0.11527777777777778
6 0.2921875 0.8527777777777777 0.096875 0.10833333333333334
71 0.15989583333333332 0.7590277777777777 0.065625 0.11527777777777778
69 0.42135416666666664 0.8944444444444445 0.12604166666666666 0.1
69 0.37552083333333336 0.1423611111111111 0.11354166666666667 0.1125
6 0.7317708333333334 0.8326388888888889 0.084375 0.1125
71 0.8208333333333333 0.8229166666666666 0.075 0.10138888888888889
71 0.8578125 0.7208333333333333 0.065625 0.12222222222222222
69 0.6380208333333334 0.8277777777777777 0.12395833333333334 0.125
69 0.6291666666666667 0.9013888888888889 0.11666666666666667 0.075
6 0.2791666666666667 0.18194444444444444 0.0875 0.11388888888888889
71 0.20104166666666667 0.8479166666666667 0.075 0.09583333333333334
