16 0.46979166666666666 0.3145833333333333 0.10833333333333334 0.15694444444444444
14 0.6411458333333333 0.7090277777777778 0.134375 0.16805555555555557
38 0.85 0.5520833333333334 0.0875 0.12916666666666668
53 0.39166666666666666 0.7854166666666667 0.08958333333333333 0.1375
16 0.48125 0.8222222222222222 0.0875 0.11666666666666667
14 0.6182291666666667 0.4444444444444444 0.15520833333333334 0.18055555555555555
38 0.8421875 0.3972222222222222 0.08854166666666667 0.125
15 0.6755208333333333 0.20277777777777778 0.08229166666666667 0.12777777777777777
15 0.734375 0.42569444444444443 0.11041666666666666 0.14305555555555555
72 0.22239583333333332 0.6270833333333333 0.059375 0.09583333333333334
72 0.22395833333333334 0.3611111111111111 0.058333333333333334 0.09444444444444444
35 0.28854166666666664 0.6104166666666667 0.08125 0.1125
0 0.303125 0.49444444444444446 0.075 0.1111111111111111
16 0.484375 0.7097222222222223 0.10208333333333333 0.15555555555555556
15 0.7307291666666667 0.56875 0.12604166666666666 0.14027777777777778
15 0.7223958333333333 0.7118055555555556 0.08854166666666667 0.14027777777777778
16 0.48333333333333334 0.1986111111111111 0.08958333333333333 0.13055555555555556
72 0.23645833333333333 0.7131944444444445 0.06041666666666667 0.08194444444444444
38 0.8229166666666666 0.70625 0.0875 0.11527777777777778
15 0.6760416666666667 0.8270833333333333 0.09166666666666666 0.1125
14 0.5927083333333333 0.2548611111111111 0.125 0.1736111111111111
53 0.39427083333333335 0.21458333333333332 0.08854166666666667 0.14027777777777778
14 0.5833333333333334 0.8625 0.09791666666666667 0.13333333333333333
72 0.21875 0.5284722222222222 0.06666666666666667 0.10138888888888889
14 0.5833333333333334 0.14305555555555555 0.09375 0.125
