102 0.6364583333333333 0.44513888888888886 0.11666666666666667 0.14305555555555555
102 0.3828125 0.5923611111111111 0.11354166666666667 0.10694444444444444
102 0.6328125 0.58125 0.103125 0.10138888888888889
102 0.6197916666666666 0.31666666666666665 0.1 0.09166666666666666
102 0.5052083333333334 0.3145833333333333 0.12916666666666668 0.09583333333333334
102 0.390625 0.6930555555555555 0.09791666666666667 0.11666666666666667
102 0.7036458333333333 0.32430555555555557 0.06354166666666666 0.1486111111111111
102 0.31666666666666665 0.6548611111111111 0.05 0.15416666666666667
102 0.7026041666666667 0.6298611111111111 0.042708333333333334 0.1625
102 0.5052083333333334 0.5638888888888889 0.12916666666666668 0.1527777777777778
102 0.5286458333333334 0.45416666666666666 0.090625 0.18611111111111112
102 0.2921875 0.4861111111111111 0.053125 0.1638888888888889
102 0.3885416666666667 0.4673611111111111 0.11875 0.12083333333333333
102 0.7046875 0.47430555555555554 0.042708333333333334 0.14583333333333334
102 0.6208333333333333 0.7 0.10208333333333333 0.07777777777777778
102 0.5057291666666667 0.6694444444444444 0.11770833333333333 0.06388888888888888
102 0.5041666666666667 0.7229166666666667 0.125 0.06527777777777778
102 0.3958333333333333 0.3326388888888889 0.09791666666666667 0.14305555555555555
102 0.3046875 0.33402777777777776 0.06770833333333333 0.14305555555555555
