19 0.7932291666666667 0.5527777777777778 0.109375 0.10833333333333334
19 0.6005208333333333 0.23680555555555555 0.109375 0.1736111111111111
19 0.5182291666666666 0.8590277777777777 0.090625 0.15138888888888888
19 0.7671875 0.29583333333333334 0.09270833333333334 0.11666666666666667
22 0.42083333333333334 0.8534722222222222 0.08958333333333333 0.12638888888888888
22 0.47604166666666664 0.21944444444444444 0.09791666666666667 0.1527777777777778
22 0.33489583333333334 0.8236111111111111 0.084375 0.11666666666666667
22 0.22395833333333334 0.5326388888888889 0.08541666666666667 0.10694444444444444
22 0.2635416666666667 0.7673611111111112 0.075 0.10972222222222222
19 0.6208333333333333 0.8340277777777778 0.10208333333333333 0.1486111111111111
22 0.36875 0.24166666666666667 0.10208333333333333 0.1388888888888889
19 0.7546875 0.7756944444444445 0.090625 0.11527777777777778
19 0.69375 0.25833333333333336 0.10625 0.1527777777777778
22 0.25625 0.29930555555555555 0.07916666666666666 0.10972222222222222
