98 0.6260416666666667 0.8180555555555555 0.15625 0.17777777777777778
104 0.7317708333333334 0.7770833333333333 0.07395833333333333 0.10138888888888889
31 0.2682291666666667 0.34652777777777777 0.14270833333333333 0.19583333333333333
102 0.5885416666666666 0.6506944444444445 0.14375 0.10694444444444444
104 0.265625 0.8305555555555556 0.07291666666666667 0.08611111111111111
43 0.41458333333333336 0.3298611111111111 0.19166666666666668 0.19305555555555556
104 0.23854166666666668 0.7409722222222223 0.08958333333333333 0.12916666666666668
43 0.38333333333333336 0.5826388888888889 0.19791666666666666 0.30416666666666664
49 0.228125 0.5583333333333333 0.09791666666666667 0.23333333333333334
102 0.5682291666666667 0.5402777777777777 0.153125 0.10277777777777777
98 0.3640625 0.8034722222222223 0.17604166666666668 0.18472222222222223
104 0.7442708333333333 0.6798611111111111 0.09895833333333333 0.14027777777777778
