19 0.5072916666666667 0.15833333333333333 0.09166666666666666 0.16111111111111112
22 0.6104166666666667 0.7770833333333333 0.09583333333333334 0.13194444444444445
19 0.25833333333333336 0.21736111111111112 0.08958333333333333 0.12083333333333333
22 0.7640625 0.7381944444444445 0.078125 0.10694444444444444
19 0.40677083333333336 0.7763888888888889 0.10104166666666667 0.15833333333333333
19 0.32395833333333335 0.7486111111111111 0.09791666666666667 0.1388888888888889
22 0.8067708333333333 0.5284722222222222 0.08645833333333333 0.10972222222222222
19 0.2578125 0.7402777777777778 0.08020833333333334 0.12222222222222222
22 0.6838541666666667 0.19444444444444445 0.090625 0.12222222222222222
22 0.6015625 0.16944444444444445 0.09270833333333334 0.1388888888888889
22 0.50625 0.7895833333333333 0.09166666666666666 0.14027777777777778
19 0.4078125 0.17152777777777778 0.10104166666666667 0.15694444444444444
22 0.7651041666666667 0.21458333333333332 0.078125 0.10694444444444444
19 0.21979166666666666 0.46319444444444446 0.11041666666666666 0.1125
