21 0.1953125 0.4895833333333333 0.096875 0.12083333333333333
21 0.2526041666666667 0.7548611111111111 0.09479166666666666 0.12361111111111112
38 0.65 0.09375 0.10416666666666667 0.1486111111111111
21 0.49322916666666666 0.8243055555555555 0.10104166666666667 0.15138888888888888
38 0.8677083333333333 0.49375 0.0875 0.12638888888888888
38 0.8057291666666667 0.17430555555555555 0.078125 0.10694444444444444
21 0.3770833333333333 0.7965277777777777 0.11041666666666666 0.15416666666666667
38 0.6197916666666666 0.8708333333333333 0.10625 0.14722222222222223
21 0.3078125 0.1840277777777778 0.096875 0.1375
21 0.23541666666666666 0.20972222222222223 0.08333333333333333 0.11388888888888889
21 0.4036458333333333 0.14722222222222223 0.11145833333333334 0.15833333333333333
38 0.8010416666666667 0.7868055555555555 0.075 0.10972222222222222
38 0.728125 0.8166666666666667 0.1 0.13055555555555556
38 0.5223958333333333 0.06944444444444445 0.10520833333333333 0.1388888888888889
