1 0.403125 0.8708333333333333 0.12083333333333333 0.11666666666666667
1 0.42135416666666664 0.09236111111111112 0.11145833333333334 0.10138888888888889
1 0.15 0.45416666666666666 0.0625 0.14166666666666666
1 0.21197916666666666 0.18125 0.065625 0.10694444444444444
1 0.7880208333333333 0.22569444444444445 0.065625 0.11527777777777778
1 0.8348958333333333 0.4895833333333333 0.059375 0.14027777777777778
1 0.19479166666666667 0.7833333333333333 0.06458333333333334 0.10833333333333334
1 0.6973958333333333 0.16041666666666668 0.09270833333333334 0.1125
1 0.7828125 0.78125 0.06979166666666667 0.1125
1 0.5630208333333333 0.09652777777777778 0.11145833333333334 0.10416666666666667
1 0.55625 0.8791666666666667 0.12083333333333333 0.11388888888888889
1 0.2734375 0.8173611111111111 0.09270833333333334 0.12361111111111112
