25 0.275 0.7631944444444444 0.1 0.13194444444444445
25 0.8296875 0.5131944444444444 0.084375 0.12361111111111112
24 0.4708333333333333 0.7305555555555555 0.10208333333333333 0.16111111111111112
93 0.4869791666666667 0.26319444444444445 0.08854166666666667 0.15694444444444444
17 0.7083333333333334 0.2569444444444444 0.09375 0.12777777777777777
17 0.7463541666666667 0.5229166666666667 0.11354166666666667 0.12916666666666668
17 0.27708333333333335 0.25555555555555554 0.09375 0.125
93 0.4822916666666667 0.15555555555555556 0.07291666666666667 0.07777777777777778
27 0.21510416666666668 0.23194444444444445 0.06354166666666666 0.1
24 0.47708333333333336 0.8305555555555556 0.08958333333333333 0.11666666666666667
22 0.4817708333333333 0.4826388888888889 0.11770833333333333 0.15694444444444444
17 0.24270833333333333 0.5034722222222222 0.11041666666666666 0.12361111111111112
25 0.16041666666666668 0.4798611111111111 0.07916666666666666 0.12361111111111112
15 0.7244791666666667 0.6770833333333334 0.115625 0.13472222222222222
25 0.78125 0.23541666666666666 0.07083333333333333 0.10416666666666667
39 0.21354166666666666 0.7902777777777777 0.06666666666666667 0.10277777777777777
39 0.78125 0.7784722222222222 0.08125 0.10138888888888889
