15 0.6875 0.2965277777777778 0.08541666666666667 0.09027777777777778
25 0.5979166666666667 0.7840277777777778 0.08958333333333333 0.11805555555555555
15 0.675 0.7534722222222222 0.06875 0.08194444444444444
40 0.19895833333333332 0.42986111111111114 0.05625 0.10416666666666667
15 0.7104166666666667 0.4284722222222222 0.08958333333333333 0.10138888888888889
14 0.7552083333333334 0.34444444444444444 0.06875 0.08611111111111111
19 0.484375 0.4930555555555556 0.10833333333333334 0.1388888888888889
14 0.75625 0.6444444444444445 0.0625 0.08611111111111111
58 0.4 0.17083333333333334 0.08958333333333333 0.13055555555555556
58 0.3171875 0.5708333333333333 0.13020833333333334 0.15833333333333333
20 0.24791666666666667 0.5645833333333333 0.075 0.12361111111111112
14 0.7734375 0.5479166666666667 0.06145833333333333 0.09583333333333334
25 0.6442708333333333 0.38333333333333336 0.12604166666666666 0.14722222222222223
14 0.7744791666666667 0.4423611111111111 0.06145833333333333 0.09861111111111111
58 0.40208333333333335 0.8256944444444444 0.07916666666666666 0.1125
20 0.27708333333333335 0.30694444444444446 0.08541666666666667 0.11666666666666667
40 0.221875 0.3215277777777778 0.058333333333333334 0.09305555555555556
40 0.2234375 0.66875 0.06354166666666666 0.09305555555555556
40 0.2015625 0.5395833333333333 0.06354166666666666 0.09861111111111111
20 0.28802083333333334 0.7013888888888888 0.090625 0.1111111111111111
20 0.253125 0.4340277777777778 0.09375 0.13194444444444445
40 0.2598958333333333 0.7638888888888888 0.059375 0.075
25 0.6328125 0.6791666666666667 0.115625 0.14722222222222223
58 0.38385416666666666 0.7263888888888889 0.115625 0.17222222222222222
20 0.32083333333333336 0.79375 0.07083333333333333 0.10138888888888889
19 0.49947916666666664 0.6506944444444445 0.103125 0.16805555555555557
15 0.7057291666666666 0.5416666666666666 0.10104166666666667 0.11388888888888889
14 0.728125 0.7270833333333333 0.06041666666666667 0.07916666666666666
14 0.73125 0.2604166666666667 0.0625 0.07916666666666666
19 0.5026041666666666 0.7652777777777777 0.084375 0.11666666666666667
15 0.6932291666666667 0.6555555555555556 0.071875 0.10277777777777777
