13 0.8536458333333333 0.3645833333333333 0.071875 0.10416666666666667
51 0.7869791666666667 0.6854166666666667 0.103125 0.1375
13 0.8015625 0.8361111111111111 0.04895833333333333 0.09722222222222222
51 0.5432291666666667 0.28888888888888886 0.13020833333333334 0.2388888888888889
13 0.8526041666666667 0.6194444444444445 0.084375 0.09722222222222222
27 0.40677083333333336 0.8986111111111111 0.09270833333333334 0.10833333333333334
51 0.7479166666666667 0.8166666666666667 0.09791666666666667 0.1111111111111111
40 0.6880208333333333 0.32013888888888886 0.13229166666666667 0.1736111111111111
58 0.2755208333333333 0.7527777777777778 0.11979166666666667 0.15833333333333333
39 0.24270833333333333 0.41805555555555557 0.11041666666666666 0.15
58 0.5557291666666667 0.7347222222222223 0.14270833333333333 0.24166666666666667
51 0.7890625 0.36319444444444443 0.10729166666666666 0.14583333333333334
18 0.39947916666666666 0.24097222222222223 0.12604166666666666 0.18194444444444444
58 0.3046875 0.8645833333333334 0.08645833333333333 0.11805555555555555
51 0.7421875 0.21597222222222223 0.096875 0.12083333333333333
12 0.190625 0.7222222222222222 0.0875 0.10277777777777777
58 0.5609375 0.5180555555555556 0.15104166666666666 0.18333333333333332
51 0.80625 0.5173611111111112 0.1 0.12638888888888888
12 0.1984375 0.32916666666666666 0.09270833333333334 0.10277777777777777
27 0.378125 0.6451388888888889 0.14166666666666666 0.1736111111111111
58 0.24114583333333334 0.6020833333333333 0.121875 0.13472222222222222
40 0.7005208333333334 0.7069444444444445 0.13229166666666667 0.15833333333333333
12 0.21770833333333334 0.24444444444444444 0.07916666666666666 0.11388888888888889
40 0.6421875 0.1798611111111111 0.10104166666666667 0.14305555555555555
58 0.29322916666666665 0.25763888888888886 0.11145833333333334 0.17083333333333334
40 0.6567708333333333 0.8611111111111112 0.10104166666666667 0.1361111111111111
12 0.16458333333333333 0.6097222222222223 0.06875 0.09722222222222222
13 0.8640625 0.4826388888888889 0.07604166666666666 0.0875
51 0.5270833333333333 0.1451388888888889 0.1 0.1486111111111111
27 0.40208333333333335 0.8069444444444445 0.11041666666666666 0.15
58 0.5432291666666667 0.8805555555555555 0.10104166666666667 0.16111111111111112
12 0.22916666666666666 0.83125 0.07291666666666667 0.0875
13 0.8151041666666666 0.24861111111111112 0.078125 0.09166666666666666
40 0.7125 0.5256944444444445 0.13958333333333334 0.16805555555555557
12 0.17760416666666667 0.4798611111111111 0.09479166666666666 0.10138888888888889
27 0.3609375 0.44375 0.146875 0.17083333333333334
13 0.8333333333333334 0.7430555555555556 0.07083333333333333 0.08611111111111111
