39 0.8130208333333333 0.6930555555555555 0.08854166666666667 0.1111111111111111
9 0.184375 0.56875 0.08958333333333333 0.11527777777777778
51 0.8208333333333333 0.3277777777777778 0.08541666666666667 0.1111111111111111
52 0.21041666666666667 0.20972222222222223 0.07916666666666666 0.1
52 0.20520833333333333 0.7909722222222222 0.075 0.10138888888888889
52 0.7895833333333333 0.8173611111111111 0.07708333333333334 0.10416666666666667
9 0.28802083333333334 0.7354166666666667 0.109375 0.14027777777777778
51 0.7104166666666667 0.8194444444444444 0.09583333333333334 0.12777777777777777
52 0.8041666666666667 0.18958333333333333 0.06666666666666667 0.0763888888888889
12 0.28072916666666664 0.17569444444444443 0.096875 0.12638888888888888
39 0.19322916666666667 0.6854166666666667 0.08645833333333333 0.10694444444444444
38 0.7640625 0.2625 0.115625 0.14444444444444443
13 0.15104166666666666 0.44027777777777777 0.08125 0.10555555555555556
39 0.2640625 0.30416666666666664 0.11354166666666667 0.14444444444444443
51 0.18854166666666666 0.3229166666666667 0.07916666666666666 0.10694444444444444
