102 0.3333333333333333 0.5618055555555556 0.12291666666666666 0.07916666666666666
102 0.6098958333333333 0.4097222222222222 0.12604166666666666 0.09166666666666666
102 0.33229166666666665 0.4909722222222222 0.12291666666666666 0.0763888888888889
102 0.5994791666666667 0.28402777777777777 0.115625 0.07083333333333333
102 0.6145833333333334 0.5805555555555556 0.11875 0.075
102 0.6104166666666667 0.65 0.11041666666666666 0.07222222222222222
102 0.35885416666666664 0.2777777777777778 0.11770833333333333 0.06944444444444445
102 0.5911458333333334 0.7548611111111111 0.10520833333333333 0.06527777777777778
102 0.3380208333333333 0.69375 0.10104166666666667 0.06805555555555555
102 0.3494791666666667 0.34097222222222223 0.13020833333333334 0.07361111111111111
102 0.6052083333333333 0.7076388888888889 0.1 0.04861111111111111
102 0.6072916666666667 0.34444444444444444 0.125 0.07222222222222222
102 0.6192708333333333 0.5027777777777778 0.128125 0.075
102 0.34427083333333336 0.6388888888888888 0.12604166666666666 0.09722222222222222
102 0.3541666666666667 0.7479166666666667 0.11041666666666666 0.059722222222222225
102 0.33697916666666666 0.4083333333333333 0.11979166666666667 0.07777777777777778
