102 0.6442708333333333 0.8006944444444445 0.11354166666666667 0.0875
102 0.32708333333333334 0.6611111111111111 0.12916666666666668 0.08611111111111111
102 0.321875 0.5736111111111111 0.15 0.08055555555555556
102 0.33177083333333335 0.2951388888888889 0.134375 0.09305555555555556
102 0.6734375 0.48541666666666666 0.134375 0.09861111111111111
102 0.32395833333333335 0.47708333333333336 0.13333333333333333 0.10138888888888889
102 0.66875 0.6659722222222222 0.12083333333333333 0.09305555555555556
102 0.6817708333333333 0.5819444444444445 0.11979166666666667 0.09444444444444444
102 0.6677083333333333 0.29097222222222224 0.12708333333333333 0.10138888888888889
102 0.34270833333333334 0.7305555555555555 0.12708333333333333 0.09722222222222222
102 0.5020833333333333 0.46875 0.19166666666666668 0.11527777777777778
102 0.5072916666666667 0.5756944444444444 0.20625 0.10694444444444444
102 0.5026041666666666 0.19722222222222222 0.178125 0.07222222222222222
102 0.359375 0.7986111111111112 0.12291666666666666 0.08888888888888889
102 0.509375 0.7618055555555555 0.175 0.07916666666666666
102 0.321875 0.3819444444444444 0.14375 0.09166666666666666
102 0.5041666666666667 0.6736111111111112 0.17708333333333334 0.09722222222222222
102 0.3494791666666667 0.22152777777777777 0.11145833333333334 0.0875
102 0.4979166666666667 0.27152777777777776 0.18541666666666667 0.08472222222222223
102 0.5072916666666667 0.8152777777777778 0.15416666666666667 0.058333333333333334
102 0.496875 0.3611111111111111 0.18541666666666667 0.10277777777777777
102 0.6588541666666666 0.7381944444444445 0.115625 0.09305555555555556
102 0.671875 0.37569444444444444 0.1375 0.10138888888888889
102 0.6546875 0.2152777777777778 0.11770833333333333 0.09166666666666666
