94 0.6145833333333334 0.6666666666666666 0.17708333333333334 0.2222222222222222
94 0.6484375 0.20555555555555555 0.134375 0.14722222222222223
75 0.5015625 0.4236111111111111 0.30104166666666665 0.39444444444444443
94 0.3015625 0.5083333333333333 0.128125 0.24722222222222223
94 0.7739583333333333 0.6506944444444445 0.11041666666666666 0.17083333333333334
75 0.28802083333333334 0.29930555555555555 0.18854166666666666 0.25972222222222224
75 0.4119791666666667 0.7465277777777778 0.24895833333333334 0.26805555555555555
75 0.7369791666666666 0.4305555555555556 0.18645833333333334 0.325
94 0.25729166666666664 0.7840277777777778 0.10416666666666667 0.1375
94 0.228125 0.6361111111111111 0.10208333333333333 0.18333333333333332
94 0.7505208333333333 0.7833333333333333 0.103125 0.14444444444444443
94 0.6572916666666667 0.8034722222222223 0.13541666666666666 0.15138888888888888
94 0.44166666666666665 0.18541666666666667 0.15625 0.1375
94 0.7447916666666666 0.22916666666666666 0.10416666666666667 0.1388888888888889
