36 0.715625 0.7194444444444444 0.06458333333333334 0.09722222222222222
36 0.6614583333333334 0.3173611111111111 0.07916666666666666 0.10694444444444444
36 0.5192708333333333 0.7819444444444444 0.07604166666666666 0.10277777777777777
36 0.43072916666666666 0.30416666666666664 0.084375 0.11388888888888889
36 0.3619791666666667 0.7631944444444444 0.06979166666666667 0.09861111111111111
36 0.7354166666666667 0.5840277777777778 0.07083333333333333 0.09583333333333334
36 0.725 0.3298611111111111 0.0625 0.09861111111111111
36 0.7380208333333333 0.44583333333333336 0.065625 0.09722222222222222
36 0.6026041666666667 0.7729166666666667 0.078125 0.10416666666666667
36 0.4328125 0.7791666666666667 0.07604166666666666 0.09722222222222222
36 0.5255208333333333 0.2986111111111111 0.08229166666666667 0.11666666666666667
36 0.29791666666666666 0.33819444444444446 0.06458333333333334 0.09027777777777778
36 0.28125 0.5256944444444445 0.06041666666666667 0.09305555555555556
36 0.30520833333333336 0.7256944444444444 0.06875 0.09583333333333334
