73 0.5989583333333334 0.2465277777777778 0.10833333333333334 0.15416666666666667
73 0.5807291666666666 0.15902777777777777 0.07395833333333333 0.11527777777777778
46 0.33229166666666665 0.4326388888888889 0.12291666666666666 0.1875
100 0.47239583333333335 0.3972222222222222 0.16354166666666667 0.21666666666666667
100 0.49166666666666664 0.12222222222222222 0.11041666666666666 0.08333333333333333
100 0.47708333333333336 0.22361111111111112 0.1375 0.14444444444444443
73 0.6203125 0.38055555555555554 0.13229166666666667 0.16666666666666666
100 0.45208333333333334 0.6180555555555556 0.16458333333333333 0.2111111111111111
73 0.5838541666666667 0.10138888888888889 0.071875 0.06944444444444445
36 0.35520833333333335 0.2701388888888889 0.11666666666666667 0.1486111111111111
47 0.3848958333333333 0.15763888888888888 0.09895833333333333 0.09861111111111111
73 0.628125 0.5409722222222222 0.1375 0.1486111111111111
