94 0.590625 0.5375 0.19583333333333333 0.2722222222222222
50 0.22291666666666668 0.2 0.10416666666666667 0.16944444444444445
31 0.2125 0.48680555555555555 0.13958333333333334 0.3263888888888889
75 0.7354166666666667 0.70625 0.17916666666666667 0.24861111111111112
83 0.28802083333333334 0.7527777777777778 0.21145833333333333 0.24444444444444444
75 0.7479166666666667 0.4152777777777778 0.1875 0.3388888888888889
94 0.5911458333333334 0.7666666666666667 0.15104166666666666 0.16944444444444445
94 0.4015625 0.5340277777777778 0.178125 0.2652777777777778
94 0.68125 0.18194444444444444 0.10416666666666667 0.14722222222222223
94 0.315625 0.25069444444444444 0.10833333333333334 0.1736111111111111
83 0.5015625 0.1875 0.30104166666666665 0.2361111111111111
94 0.4453125 0.7763888888888889 0.15729166666666666 0.16111111111111112
94 0.7708333333333334 0.2125 0.09166666666666666 0.16111111111111112
