68 0.6817708333333333 0.3284722222222222 0.05520833333333333 0.08472222222222223
47 0.6328125 0.325 0.057291666666666664 0.07222222222222222
15 0.475 0.20208333333333334 0.075 0.10416666666666667
32 0.5973958333333333 0.5131944444444444 0.134375 0.19305555555555556
68 0.69375 0.4215277777777778 0.06458333333333334 0.09861111111111111
79 0.4421875 0.48819444444444443 0.13020833333333334 0.18194444444444444
80 0.315625 0.33125 0.08125 0.12638888888888888
76 0.30052083333333335 0.4395833333333333 0.06145833333333333 0.09583333333333334
76 0.29635416666666664 0.5444444444444444 0.06145833333333333 0.1
70 0.696875 0.5701388888888889 0.10208333333333333 0.1875
76 0.3046875 0.6388888888888888 0.059375 0.09166666666666666
36 0.6223958333333334 0.39166666666666666 0.065625 0.08055555555555556
54 0.3875 0.28055555555555556 0.05625 0.06666666666666667
54 0.38177083333333334 0.3486111111111111 0.06979166666666667 0.09166666666666666
49 0.5057291666666667 0.65 0.15104166666666666 0.18055555555555555
55 0.4588541666666667 0.2875 0.10520833333333333 0.16944444444444445
36 0.5541666666666667 0.38680555555555557 0.07291666666666667 0.09861111111111111
76 0.3171875 0.71875 0.057291666666666664 0.07916666666666666
68 0.36614583333333334 0.5534722222222223 0.06770833333333333 0.10694444444444444
31 0.39114583333333336 0.6972222222222222 0.12395833333333334 0.15833333333333333
70 0.6161458333333333 0.7104166666666667 0.12604166666666666 0.15416666666666667
46 0.5713541666666667 0.3090277777777778 0.065625 0.0763888888888889
