17 0.7880208333333333 0.28125 0.07604166666666666 0.10694444444444444
23 0.19375 0.5527777777777778 0.08958333333333333 0.11388888888888889
17 0.7197916666666667 0.23194444444444445 0.09375 0.13055555555555556
23 0.3229166666666667 0.8583333333333333 0.09166666666666666 0.12222222222222222
23 0.3776041666666667 0.19305555555555556 0.11145833333333334 0.15555555555555556
17 0.7770833333333333 0.7923611111111111 0.07291666666666667 0.09861111111111111
17 0.6135416666666667 0.18958333333333333 0.1 0.14583333333333334
23 0.4984375 0.16805555555555557 0.11145833333333334 0.16944444444444445
17 0.6322916666666667 0.8770833333333333 0.0875 0.12638888888888888
23 0.24114583333333334 0.7854166666666667 0.07604166666666666 0.10416666666666667
23 0.22864583333333333 0.28125 0.08020833333333334 0.10694444444444444
17 0.5369791666666667 0.8944444444444445 0.09270833333333334 0.1361111111111111
23 0.4234375 0.8972222222222223 0.09479166666666666 0.1361111111111111
17 0.8213541666666667 0.5763888888888888 0.08854166666666667 0.10555555555555556
