0 0.7213541666666666 0.1673611111111111 0.084375 0.09305555555555556
103 0.8270833333333333 0.30277777777777776 0.05625 0.11388888888888889
103 0.846875 0.4270833333333333 0.052083333333333336 0.12916666666666668
103 0.846875 0.5673611111111111 0.052083333333333336 0.12916666666666668
0 0.7802083333333333 0.5951388888888889 0.08333333333333333 0.1597222222222222
103 0.8229166666666666 0.7083333333333334 0.06041666666666667 0.11666666666666667
0 0.7807291666666667 0.4270833333333333 0.084375 0.15694444444444444
0 0.7546875 0.74375 0.08854166666666667 0.13194444444444445
103 0.7932291666666667 0.20208333333333334 0.065625 0.09583333333333334
0 0.7567708333333333 0.2763888888888889 0.090625 0.1388888888888889
0 0.71875 0.8506944444444444 0.0875 0.09583333333333334
103 0.7911458333333333 0.8090277777777778 0.059375 0.09027777777777778
