62 0.271875 0.7826388888888889 0.052083333333333336 0.07361111111111111
5 0.8145833333333333 0.7125 0.052083333333333336 0.08055555555555556
33 0.41458333333333336 0.8090277777777778 0.10833333333333334 0.06805555555555555
5 0.7791666666666667 0.7895833333333333 0.04791666666666667 0.07361111111111111
46 0.6489583333333333 0.44375 0.11666666666666667 0.1625
68 0.5197916666666667 0.3145833333333333 0.15208333333333332 0.15416666666666667
68 0.5151041666666667 0.2013888888888889 0.11770833333333333 0.08611111111111111
33 0.4010416666666667 0.7506944444444444 0.12291666666666666 0.10416666666666667
35 0.7619791666666667 0.7319444444444444 0.08020833333333334 0.11666666666666667
35 0.7375 0.21458333333333332 0.07708333333333334 0.09027777777777778
54 0.328125 0.8111111111111111 0.07083333333333333 0.08055555555555556
5 0.8390625 0.5097222222222222 0.06770833333333333 0.075
62 0.2375 0.6979166666666666 0.05625 0.09305555555555556
73 0.540625 0.725 0.09166666666666666 0.15
73 0.5223958333333333 0.8076388888888889 0.06979166666666667 0.09861111111111111
73 0.5348958333333333 0.8625 0.05520833333333333 0.05
5 0.7822916666666667 0.21805555555555556 0.04583333333333333 0.06944444444444445
35 0.7255208333333333 0.8145833333333333 0.078125 0.0875
36 0.4119791666666667 0.22152777777777777 0.090625 0.09027777777777778
36 0.3921875 0.3173611111111111 0.10520833333333333 0.1375
35 0.7885416666666667 0.6083333333333333 0.08125 0.14166666666666666
61 0.615625 0.8840277777777777 0.09375 0.05416666666666667
35 0.7921875 0.4527777777777778 0.08020833333333334 0.14722222222222223
54 0.29010416666666666 0.7361111111111112 0.06979166666666667 0.09722222222222222
61 0.6307291666666667 0.8444444444444444 0.103125 0.07222222222222222
5 0.815625 0.2972222222222222 0.052083333333333336 0.08888888888888889
46 0.6192708333333333 0.20902777777777778 0.090625 0.08194444444444444
33 0.421875 0.8479166666666667 0.09583333333333334 0.05694444444444444
5 0.8390625 0.6229166666666667 0.046875 0.0763888888888889
62 0.21927083333333333 0.4513888888888889 0.06770833333333333 0.10277777777777777
61 0.6755208333333333 0.6756944444444445 0.13854166666666667 0.15416666666666667
54 0.2635416666666667 0.6319444444444444 0.06666666666666667 0.125
35 0.7697916666666667 0.30833333333333335 0.08541666666666667 0.13333333333333333
54 0.25833333333333336 0.4076388888888889 0.0625 0.13194444444444445
62 0.21927083333333333 0.5729166666666666 0.06770833333333333 0.10416666666666667
62 0.2552083333333333 0.25416666666666665 0.04791666666666667 0.07777777777777778
47 0.6416666666666667 0.3034722222222222 0.10208333333333333 0.12638888888888888
54 0.3072916666666667 0.21736111111111112 0.06458333333333334 0.0763888888888889
33 0.39010416666666664 0.6604166666666667 0.140625 0.14583333333333334
62 0.23020833333333332 0.33541666666666664 0.05625 0.09583333333333334
68 0.5182291666666666 0.5055555555555555 0.16770833333333332 0.2222222222222222
36 0.37916666666666665 0.45902777777777776 0.11875 0.1625
54 0.28020833333333334 0.2923611111111111 0.06875 0.10138888888888889
5 0.8317708333333333 0.3909722222222222 0.06354166666666666 0.08472222222222223
61 0.653125 0.7840277777777778 0.12708333333333333 0.10694444444444444
