102 0.4984375 0.27708333333333335 0.20104166666666667 0.09305555555555556
102 0.6546875 0.2326388888888889 0.11145833333333334 0.1125
102 0.5005208333333333 0.6895833333333333 0.18020833333333333 0.10138888888888889
102 0.6557291666666667 0.73125 0.12604166666666666 0.1125
102 0.31875 0.5770833333333333 0.1125 0.09861111111111111
102 0.6838541666666667 0.3736111111111111 0.15104166666666666 0.10555555555555556
102 0.3453125 0.7333333333333333 0.13229166666666667 0.11944444444444445
102 0.6786458333333333 0.5819444444444445 0.159375 0.09722222222222222
102 0.5015625 0.8208333333333333 0.165625 0.07222222222222222
102 0.5015625 0.4722222222222222 0.228125 0.1111111111111111
102 0.34791666666666665 0.23194444444444445 0.1125 0.09722222222222222
102 0.33489583333333334 0.3715277777777778 0.14270833333333333 0.14027777777777778
