105 0.7052083333333333 0.38125 0.08125 0.10416666666666667
105 0.6921875 0.3076388888888889 0.084375 0.09583333333333334
105 0.7098958333333333 0.5756944444444444 0.08020833333333334 0.10416666666666667
106 0.7697916666666667 0.5548611111111111 0.04375 0.08194444444444444
105 0.6510416666666666 0.19444444444444445 0.08958333333333333 0.075
105 0.6729166666666667 0.24444444444444444 0.0875 0.08333333333333333
105 0.7104166666666667 0.4756944444444444 0.075 0.10138888888888889
106 0.7645833333333333 0.39861111111111114 0.04791666666666667 0.08333333333333333
106 0.7697916666666667 0.475 0.041666666666666664 0.08055555555555556
106 0.7520833333333333 0.33125 0.052083333333333336 0.08472222222222223
