94 0.390625 0.45625 0.11041666666666666 0.15694444444444444
94 0.7036458333333333 0.6965277777777777 0.084375 0.11527777777777778
94 0.6239583333333333 0.7027777777777777 0.1 0.11388888888888889
75 0.5041666666666667 0.3034722222222222 0.17916666666666667 0.2152777777777778
94 0.2994791666666667 0.5180555555555556 0.084375 0.14722222222222223
94 0.7072916666666667 0.25972222222222224 0.08333333333333333 0.11388888888888889
94 0.6307291666666667 0.25833333333333336 0.09895833333333333 0.11666666666666667
94 0.59375 0.5979166666666667 0.1125 0.14583333333333334
94 0.7197916666666667 0.5861111111111111 0.08541666666666667 0.12222222222222222
75 0.6713541666666667 0.42916666666666664 0.165625 0.24166666666666667
75 0.3489583333333333 0.3020833333333333 0.14583333333333334 0.20972222222222223
75 0.4473958333333333 0.6493055555555556 0.18020833333333333 0.22083333333333333
94 0.5125 0.4861111111111111 0.125 0.16666666666666666
94 0.31666666666666665 0.6618055555555555 0.0875 0.12083333333333333
