52 0.7973958333333333 0.7993055555555556 0.078125 0.10416666666666667
12 0.30520833333333336 0.8534722222222222 0.09791666666666667 0.13472222222222222
51 0.7151041666666667 0.8138888888888889 0.096875 0.12777777777777777
52 0.83125 0.23333333333333334 0.05416666666666667 0.075
39 0.19635416666666666 0.6916666666666667 0.090625 0.1111111111111111
51 0.1921875 0.3138888888888889 0.07395833333333333 0.10833333333333334
12 0.28125 0.17777777777777778 0.09791666666666667 0.12777777777777777
13 0.15208333333333332 0.43125 0.08125 0.10416666666666667
39 0.8151041666666666 0.6861111111111111 0.08854166666666667 0.10833333333333334
9 0.1859375 0.55625 0.09270833333333334 0.12083333333333333
12 0.7713541666666667 0.2833333333333333 0.11354166666666667 0.1361111111111111
52 0.21145833333333333 0.8013888888888889 0.075 0.10277777777777777
51 0.8302083333333333 0.3736111111111111 0.09166666666666666 0.1111111111111111
38 0.7302083333333333 0.17777777777777778 0.10208333333333333 0.13333333333333333
39 0.2635416666666667 0.30694444444444446 0.11458333333333333 0.14722222222222223
9 0.2875 0.7291666666666666 0.11041666666666666 0.14444444444444443
52 0.2109375 0.20694444444444443 0.07395833333333333 0.09722222222222222
