22 0.5104166666666666 0.18263888888888888 0.09375 0.14583333333333334
40 0.1984375 0.30694444444444446 0.08229166666666667 0.10833333333333334
40 0.8317708333333333 0.3347222222222222 0.08229166666666667 0.1111111111111111
93 0.6609375 0.4798611111111111 0.11770833333333333 0.11805555555555555
27 0.3296875 0.7944444444444444 0.08854166666666667 0.11944444444444445
19 0.8010416666666667 0.4791666666666667 0.10833333333333334 0.1111111111111111
22 0.5026041666666666 0.6 0.115625 0.17222222222222222
40 0.22083333333333333 0.70625 0.08333333333333333 0.1125
40 0.8333333333333334 0.6006944444444444 0.08125 0.1125
19 0.22239583333333332 0.4395833333333333 0.109375 0.11527777777777778
93 0.3265625 0.4513888888888889 0.11770833333333333 0.11666666666666667
27 0.6875 0.16111111111111112 0.09791666666666667 0.13055555555555556
40 0.184375 0.5638888888888889 0.08333333333333333 0.11666666666666667
