5 0.2713541666666667 0.7270833333333333 0.08020833333333334 0.10138888888888889
5 0.640625 0.6590277777777778 0.1 0.13194444444444445
5 0.5260416666666666 0.18194444444444444 0.06666666666666667 0.1388888888888889
5 0.7489583333333333 0.22847222222222222 0.08541666666666667 0.09861111111111111
5 0.74375 0.725 0.09166666666666666 0.10277777777777777
5 0.23802083333333332 0.4798611111111111 0.090625 0.08194444444444444
5 0.7854166666666667 0.40347222222222223 0.08958333333333333 0.08194444444444444
5 0.7786458333333334 0.5833333333333334 0.09270833333333334 0.09166666666666666
5 0.5145833333333333 0.47847222222222224 0.07916666666666666 0.10138888888888889
5 0.3807291666666667 0.6673611111111111 0.096875 0.13472222222222222
5 0.6416666666666667 0.3173611111111111 0.1 0.13472222222222222
5 0.5057291666666667 0.7666666666666667 0.065625 0.14166666666666666
5 0.2760416666666667 0.22847222222222222 0.08541666666666667 0.10694444444444444
5 0.4046875 0.3145833333333333 0.096875 0.13194444444444445
