26 0.49166666666666664 0.18819444444444444 0.10416666666666667 0.16527777777777777
39 0.28072916666666664 0.225 0.09479166666666666 0.13055555555555556
26 0.6010416666666667 0.2013888888888889 0.10208333333333333 0.1638888888888889
39 0.37604166666666666 0.17916666666666667 0.11041666666666666 0.16111111111111112
26 0.8208333333333333 0.55 0.0875 0.11388888888888889
26 0.7838541666666666 0.28402777777777777 0.08229166666666667 0.10972222222222222
39 0.48541666666666666 0.9215277777777777 0.10208333333333333 0.13472222222222222
39 0.18489583333333334 0.5201388888888889 0.090625 0.12083333333333333
26 0.5901041666666667 0.8819444444444444 0.09479166666666666 0.14166666666666666
26 0.6895833333333333 0.8465277777777778 0.08958333333333333 0.12083333333333333
39 0.23802083333333332 0.7902777777777777 0.08229166666666667 0.10277777777777777
26 0.7619791666666667 0.7993055555555556 0.07604166666666666 0.10694444444444444
39 0.2203125 0.2743055555555556 0.071875 0.10694444444444444
39 0.3880208333333333 0.8993055555555556 0.090625 0.1375
