93 0.6125 0.21041666666666667 0.1 0.14027777777777778
22 0.5067708333333333 0.6986111111111111 0.10729166666666666 0.16111111111111112
19 0.7229166666666667 0.6506944444444445 0.11458333333333333 0.12916666666666668
23 0.2526041666666667 0.4798611111111111 0.11770833333333333 0.14583333333333334
27 0.3015625 0.1701388888888889 0.078125 0.1125
19 0.7088541666666667 0.2590277777777778 0.103125 0.13472222222222222
93 0.6229166666666667 0.7125 0.10416666666666667 0.14166666666666666
22 0.49635416666666665 0.3958333333333333 0.115625 0.16111111111111112
38 0.18958333333333333 0.7006944444444444 0.08541666666666667 0.11527777777777778
19 0.7229166666666667 0.5215277777777778 0.13333333333333333 0.12638888888888888
27 0.3541666666666667 0.2923611111111111 0.12083333333333333 0.1625
93 0.628125 0.3125 0.11458333333333333 0.1527777777777778
22 0.5052083333333334 0.55625 0.11458333333333333 0.15694444444444444
93 0.6322916666666667 0.6027777777777777 0.11875 0.15
19 0.7213541666666666 0.38680555555555557 0.13020833333333334 0.12916666666666668
19 0.7041666666666667 0.7520833333333333 0.09166666666666666 0.12083333333333333
22 0.5046875 0.2520833333333333 0.10520833333333333 0.1625
27 0.31354166666666666 0.7847222222222222 0.08541666666666667 0.11944444444444445
18 0.3921875 0.14583333333333334 0.10520833333333333 0.15
18 0.2677083333333333 0.6416666666666667 0.1125 0.1388888888888889
22 0.5125 0.8013888888888889 0.08958333333333333 0.11944444444444445
23 0.3776041666666667 0.7097222222222223 0.13020833333333334 0.18055555555555555
22 0.49895833333333334 0.1486111111111111 0.08958333333333333 0.11666666666666667
18 0.18541666666666667 0.5 0.08333333333333333 0.13055555555555556
93 0.6130208333333333 0.79375 0.08854166666666667 0.11805555555555555
18 0.26614583333333336 0.3090277777777778 0.10104166666666667 0.14027777777777778
93 0.6395833333333333 0.45069444444444445 0.12291666666666666 0.12638888888888888
18 0.3489583333333333 0.49722222222222223 0.15416666666666667 0.175
18 0.41302083333333334 0.825 0.096875 0.1388888888888889
