72 0.8020833333333334 0.17291666666666666 0.06458333333333334 0.10416666666666667
65 0.7322916666666667 0.2111111111111111 0.08958333333333333 0.09722222222222222
65 0.2734375 0.21319444444444444 0.08854166666666667 0.09305555555555556
65 0.753125 0.29444444444444445 0.08958333333333333 0.13055555555555556
72 0.14739583333333334 0.6972222222222222 0.065625 0.11666666666666667
72 0.13020833333333334 0.5715277777777777 0.05625 0.13194444444444445
72 0.8729166666666667 0.41875 0.05625 0.12916666666666668
34 0.3723958333333333 0.15902777777777777 0.12604166666666666 0.09027777777777778
65 0.29739583333333336 0.15486111111111112 0.09479166666666666 0.08194444444444444
72 0.875 0.5534722222222223 0.058333333333333334 0.12638888888888888
34 0.3614583333333333 0.24305555555555555 0.14583333333333334 0.14444444444444443
65 0.25364583333333335 0.29583333333333334 0.09270833333333334 0.13055555555555556
34 0.6317708333333333 0.16041666666666668 0.13020833333333334 0.09027777777777778
34 0.6463541666666667 0.25 0.14479166666666668 0.15
65 0.7083333333333334 0.15347222222222223 0.09375 0.0875
