5 0.328125 0.39305555555555555 0.2375 0.26944444444444443
5 0.41458333333333336 0.11944444444444445 0.13333333333333333 0.2111111111111111
5 0.15416666666666667 0.3819444444444444 0.1125 0.13333333333333333
35 0.609375 0.11736111111111111 0.14166666666666666 0.1375
35 0.8234375 0.21944444444444444 0.06979166666666667 0.11944444444444445
35 0.61875 0.8548611111111111 0.16666666666666666 0.17083333333333334
5 0.3703125 0.8430555555555556 0.15729166666666666 0.2222222222222222
35 0.8276041666666667 0.7888888888888889 0.071875 0.11388888888888889
35 0.8661458333333333 0.6347222222222222 0.06979166666666667 0.13055555555555556
5 0.1484375 0.5958333333333333 0.11354166666666667 0.11944444444444445
35 0.65625 0.4048611111111111 0.2125 0.30694444444444446
5 0.19375 0.80625 0.0875 0.1125
5 0.20989583333333334 0.1909722222222222 0.08854166666666667 0.12361111111111112
35 0.8682291666666667 0.39375 0.065625 0.13194444444444445
