20 0.58125 0.8909722222222223 0.08958333333333333 0.11805555555555555
11 0.7598958333333333 0.80625 0.06770833333333333 0.09305555555555556
11 0.7942708333333334 0.7041666666666667 0.08229166666666667 0.1
20 0.353125 0.7777777777777778 0.12083333333333333 0.1638888888888889
14 0.8307291666666666 0.5902777777777778 0.07604166666666666 0.11944444444444445
20 0.37916666666666665 0.8805555555555555 0.08958333333333333 0.11388888888888889
11 0.19739583333333333 0.6881944444444444 0.078125 0.10694444444444444
15 0.2703125 0.7305555555555555 0.09479166666666666 0.13055555555555556
15 0.7130208333333333 0.7395833333333334 0.09895833333333333 0.13472222222222222
15 0.7359375 0.6027777777777777 0.11979166666666667 0.1388888888888889
11 0.22447916666666667 0.7868055555555555 0.06979166666666667 0.09305555555555556
14 0.15989583333333332 0.5729166666666666 0.071875 0.11805555555555555
15 0.6932291666666667 0.8416666666666667 0.07604166666666666 0.10277777777777777
15 0.2875 0.8305555555555556 0.06458333333333334 0.10555555555555556
20 0.6161458333333333 0.7902777777777777 0.121875 0.16666666666666666
