37 0.5098958333333333 0.2048611111111111 0.08020833333333334 0.0875
37 0.25833333333333336 0.4395833333333333 0.06041666666666667 0.10416666666666667
37 0.28229166666666666 0.7152777777777778 0.06041666666666667 0.08611111111111111
37 0.35625 0.7256944444444444 0.07083333333333333 0.0875
37 0.7640625 0.4895833333333333 0.059375 0.09861111111111111
37 0.5192708333333333 0.75 0.078125 0.09166666666666666
37 0.5932291666666667 0.2076388888888889 0.078125 0.0875
37 0.7395833333333334 0.24375 0.06041666666666667 0.08472222222222223
37 0.7322916666666667 0.7152777777777778 0.05625 0.08333333333333333
37 0.2942708333333333 0.23472222222222222 0.06354166666666666 0.08888888888888889
37 0.4328125 0.74375 0.08020833333333334 0.09027777777777778
