5 0.8276041666666667 0.6041666666666666 0.078125 0.08611111111111111
46 0.3848958333333333 0.6131944444444445 0.11354166666666667 0.15694444444444444
72 0.26458333333333334 0.775 0.0625 0.08055555555555556
69 0.315625 0.7486111111111111 0.07291666666666667 0.08611111111111111
60 0.22604166666666667 0.6041666666666666 0.07083333333333333 0.1
36 0.39166666666666666 0.29375 0.09791666666666667 0.12638888888888888
66 0.33125 0.7972222222222223 0.06458333333333334 0.06666666666666667
76 0.7364583333333333 0.6819444444444445 0.08541666666666667 0.14166666666666666
67 0.8213541666666667 0.4791666666666667 0.06145833333333333 0.1638888888888889
54 0.23333333333333334 0.32569444444444445 0.05 0.09305555555555556
60 0.2234375 0.4166666666666667 0.071875 0.08888888888888889
5 0.8046875 0.6979166666666666 0.07604166666666666 0.09861111111111111
68 0.6208333333333333 0.22569444444444445 0.10416666666666667 0.10694444444444444
81 0.6307291666666667 0.7909722222222222 0.121875 0.1375
37 0.7614583333333333 0.5458333333333333 0.07083333333333333 0.13333333333333333
82 0.521875 0.5131944444444444 0.11458333333333333 0.15416666666666667
68 0.5114583333333333 0.7979166666666667 0.11458333333333333 0.10138888888888889
64 0.671875 0.5131944444444444 0.10208333333333333 0.1736111111111111
76 0.7171875 0.7777777777777778 0.07604166666666666 0.09722222222222222
5 0.7786458333333334 0.7701388888888889 0.06979166666666667 0.09027777777777778
64 0.3020833333333333 0.6729166666666667 0.0625 0.09583333333333334
76 0.4041666666666667 0.8243055555555555 0.10208333333333333 0.0875
65 0.38229166666666664 0.7416666666666667 0.11666666666666667 0.11388888888888889
76 0.3104166666666667 0.2833333333333333 0.08125 0.125
71 0.2328125 0.6958333333333333 0.06354166666666666 0.1
