6 0.2760416666666667 0.18055555555555555 0.08125 0.1111111111111111
6 0.24322916666666666 0.7291666666666666 0.09270833333333334 0.1361111111111111
69 0.37083333333333335 0.89375 0.1125 0.06527777777777778
69 0.36822916666666666 0.1638888888888889 0.11979166666666667 0.11388888888888889
72 0.8677083333333333 0.4798611111111111 0.0625 0.13194444444444445
6 0.6916666666666667 0.16527777777777777 0.09375 0.11666666666666667
69 0.35260416666666666 0.81875 0.13020833333333334 0.13194444444444445
69 0.5802083333333333 0.14375 0.12708333333333333 0.10416666666666667
72 0.8375 0.75 0.0625 0.10555555555555556
0 0.7276041666666667 0.7958333333333333 0.08854166666666667 0.11666666666666667
6 0.21822916666666667 0.5798611111111112 0.08645833333333333 0.1625
69 0.30885416666666665 0.34930555555555554 0.13020833333333334 0.1736111111111111
6 0.2786458333333333 0.8416666666666667 0.07604166666666666 0.09722222222222222
72 0.8651041666666667 0.6111111111111112 0.06354166666666666 0.125
