76 0.3026041666666667 0.6784722222222223 0.08645833333333333 0.14583333333333334
72 0.8135416666666667 0.3090277777777778 0.058333333333333334 0.10416666666666667
60 0.7208333333333333 0.21180555555555555 0.075 0.0875
76 0.3359375 0.7861111111111111 0.084375 0.09444444444444444
60 0.7729166666666667 0.36875 0.0875 0.11527777777777778
60 0.75 0.2777777777777778 0.08333333333333333 0.10555555555555556
61 0.21666666666666667 0.5076388888888889 0.052083333333333336 0.0875
61 0.21979166666666666 0.6 0.052083333333333336 0.09166666666666666
61 0.2552083333333333 0.7361111111111112 0.0625 0.11388888888888889
72 0.8322916666666667 0.4131944444444444 0.04583333333333333 0.10972222222222222
61 0.275 0.7875 0.058333333333333334 0.06111111111111111
