5 0.14010416666666667 0.5263888888888889 0.10729166666666666 0.10833333333333334
5 0.8067708333333333 0.1875 0.084375 0.09444444444444444
5 0.8223958333333333 0.8305555555555556 0.057291666666666664 0.08055555555555556
5 0.5354166666666667 0.5638888888888889 0.23125 0.3
5 0.5182291666666666 0.08472222222222223 0.09479166666666666 0.16666666666666666
5 0.8609375 0.40347222222222223 0.10729166666666666 0.1125
5 0.509375 0.9229166666666667 0.10208333333333333 0.15416666666666667
5 0.19947916666666668 0.8541666666666666 0.057291666666666664 0.08611111111111111
5 0.7510416666666667 0.3 0.1625 0.20555555555555555
5 0.7572916666666667 0.7638888888888888 0.13541666666666666 0.18611111111111112
5 0.271875 0.7854166666666667 0.14166666666666666 0.19583333333333333
5 0.21510416666666668 0.17569444444444443 0.09479166666666666 0.09861111111111111
5 0.8609375 0.6291666666666667 0.10729166666666666 0.10833333333333334
5 0.25677083333333334 0.3076388888888889 0.16770833333333332 0.2152777777777778
