47 0.7010416666666667 0.7895833333333333 0.09166666666666666 0.11805555555555555
47 0.19427083333333334 0.5965277777777778 0.06354166666666666 0.12361111111111112
47 0.5890625 0.1423611111111111 0.109375 0.10972222222222222
47 0.24270833333333333 0.20347222222222222 0.07083333333333333 0.10416666666666667
47 0.8291666666666667 0.49930555555555556 0.06041666666666667 0.12361111111111112
47 0.7796875 0.2 0.065625 0.10555555555555556
47 0.19322916666666667 0.39861111111111114 0.065625 0.125
47 0.7822916666666667 0.7701388888888889 0.06666666666666667 0.10138888888888889
47 0.440625 0.8326388888888889 0.11041666666666666 0.11805555555555555
47 0.2390625 0.7763888888888889 0.06770833333333333 0.1
47 0.5958333333333333 0.8284722222222223 0.1125 0.11527777777777778
47 0.4390625 0.14375 0.109375 0.11527777777777778
47 0.32395833333333335 0.17916666666666667 0.09375 0.11388888888888889
