102 0.31145833333333334 0.4625 0.075 0.06666666666666667
84 0.42604166666666665 0.5451388888888888 0.16041666666666668 0.07361111111111111
84 0.43697916666666664 0.40347222222222223 0.16354166666666667 0.07361111111111111
102 0.31666666666666665 0.39166666666666666 0.075 0.06666666666666667
102 0.3078125 0.5375 0.07604166666666666 0.06111111111111111
84 0.4265625 0.4708333333333333 0.16354166666666667 0.075
102 0.3255208333333333 0.33958333333333335 0.07395833333333333 0.05138888888888889
84 0.4354166666666667 0.28680555555555554 0.14791666666666667 0.06527777777777778
102 0.32864583333333336 0.29097222222222224 0.07395833333333333 0.0625
84 0.4354166666666667 0.3416666666666667 0.1625 0.075
84 0.4484375 0.23680555555555555 0.159375 0.059722222222222225
