102 0.6114583333333333 0.38472222222222224 0.13125 0.08055555555555556
102 0.6135416666666667 0.5270833333333333 0.125 0.07083333333333333
102 0.3380208333333333 0.3625 0.12395833333333334 0.07222222222222222
102 0.3380208333333333 0.43680555555555556 0.134375 0.07361111111111111
102 0.34479166666666666 0.6958333333333333 0.10625 0.058333333333333334
102 0.6203125 0.45555555555555555 0.12395833333333334 0.07777777777777778
102 0.6052083333333333 0.6548611111111111 0.12083333333333333 0.04861111111111111
102 0.3359375 0.5111111111111111 0.12604166666666666 0.075
102 0.5963541666666666 0.3055555555555556 0.121875 0.08055555555555556
102 0.5958333333333333 0.7090277777777778 0.10208333333333333 0.059722222222222225
102 0.584375 0.75625 0.1125 0.059722222222222225
102 0.35625 0.7479166666666667 0.11458333333333333 0.059722222222222225
102 0.34322916666666664 0.6520833333333333 0.115625 0.06805555555555555
102 0.33958333333333335 0.5868055555555556 0.13333333333333333 0.08472222222222223
102 0.6098958333333333 0.5951388888888889 0.12395833333333334 0.06527777777777778
102 0.35885416666666664 0.2923611111111111 0.11354166666666667 0.07083333333333333
