20 0.6484375 0.6236111111111111 0.153125 0.18888888888888888
14 0.17864583333333334 0.32569444444444445 0.07604166666666666 0.10972222222222222
15 0.2453125 0.4534722222222222 0.115625 0.14027777777777778
11 0.7947916666666667 0.7041666666666667 0.08125 0.1
11 0.7598958333333333 0.8055555555555556 0.06770833333333333 0.09444444444444444
15 0.2869791666666667 0.8319444444444445 0.06770833333333333 0.10555555555555556
15 0.6921875 0.8430555555555556 0.078125 0.10277777777777777
16 0.48489583333333336 0.8381944444444445 0.084375 0.12361111111111112
20 0.6182291666666667 0.7895833333333333 0.11979166666666667 0.16527777777777777
14 0.159375 0.44722222222222224 0.075 0.12222222222222222
15 0.24375 0.5958333333333333 0.1 0.13055555555555556
14 0.834375 0.4638888888888889 0.075 0.12222222222222222
15 0.2677083333333333 0.7402777777777778 0.08958333333333333 0.11666666666666667
15 0.7416666666666667 0.6041666666666666 0.10416666666666667 0.1361111111111111
14 0.15989583333333332 0.5743055555555555 0.071875 0.11805555555555555
15 0.7125 0.7444444444444445 0.09791666666666667 0.12777777777777777
20 0.3260416666666667 0.6152777777777778 0.14791666666666667 0.18055555555555555
20 0.35208333333333336 0.7798611111111111 0.11875 0.1597222222222222
14 0.83125 0.5902777777777778 0.075 0.11666666666666667
20 0.3796875 0.8805555555555555 0.090625 0.11388888888888889
11 0.22395833333333334 0.7875 0.06666666666666667 0.09166666666666666
11 0.1984375 0.6930555555555555 0.078125 0.09722222222222222
20 0.584375 0.8881944444444444 0.09166666666666666 0.12083333333333333
