38 0.7984375 0.7902777777777777 0.07604166666666666 0.10833333333333334
38 0.8671875 0.5118055555555555 0.08854166666666667 0.12638888888888888
21 0.25 0.7548611111111111 0.09375 0.12083333333333333
21 0.4083333333333333 0.1486111111111111 0.11041666666666666 0.15833333333333333
38 0.8026041666666667 0.17291666666666666 0.078125 0.10694444444444444
21 0.309375 0.1798611111111111 0.09583333333333334 0.13472222222222222
21 0.4942708333333333 0.8236111111111111 0.10104166666666667 0.1527777777777778
21 0.19739583333333333 0.5020833333333333 0.10104166666666667 0.12361111111111112
38 0.7276041666666667 0.8194444444444444 0.09895833333333333 0.12777777777777777
21 0.23697916666666666 0.21388888888888888 0.08645833333333333 0.11666666666666667
38 0.6484375 0.09236111111111112 0.10520833333333333 0.15138888888888888
21 0.37604166666666666 0.7993055555555556 0.10625 0.1486111111111111
38 0.6192708333333333 0.8708333333333333 0.10729166666666666 0.15
38 0.5197916666666667 0.07152777777777777 0.10833333333333334 0.14305555555555555
