5 0.8640625 0.6520833333333333 0.08854166666666667 0.10972222222222222
5 0.7494791666666667 0.2923611111111111 0.15520833333333334 0.19305555555555556
5 0.6833333333333333 0.9215277777777777 0.08958333333333333 0.12361111111111112
5 0.8213541666666667 0.3597222222222222 0.12604166666666666 0.16111111111111112
5 0.6515625 0.09861111111111111 0.11354166666666667 0.1527777777777778
5 0.7510416666666667 0.8576388888888888 0.10416666666666667 0.11527777777777778
5 0.7380208333333333 0.14652777777777778 0.09895833333333333 0.12916666666666668
5 0.7421875 0.7402777777777778 0.15520833333333334 0.20833333333333334
5 0.5927083333333333 0.8055555555555556 0.18125 0.2722222222222222
5 0.5645833333333333 0.9465277777777777 0.09583333333333334 0.10694444444444444
5 0.8682291666666667 0.3784722222222222 0.08645833333333333 0.11805555555555555
5 0.81875 0.6993055555555555 0.09791666666666667 0.13194444444444445
5 0.8005208333333333 0.16944444444444445 0.07395833333333333 0.09722222222222222
5 0.8114583333333333 0.8347222222222223 0.06875 0.09166666666666666
