41 0.2203125 0.18958333333333333 0.065625 0.0875
53 0.184375 0.8041666666666667 0.09791666666666667 0.125
6 0.8453125 0.43819444444444444 0.057291666666666664 0.12916666666666668
53 0.1203125 0.55625 0.10104166666666667 0.15138888888888888
63 0.8203125 0.7048611111111112 0.06354166666666666 0.11805555555555555
0 0.17083333333333334 0.6805555555555556 0.06041666666666667 0.12222222222222222
53 0.8057291666666667 0.8256944444444444 0.09270833333333334 0.12083333333333333
53 0.8536458333333333 0.30486111111111114 0.103125 0.12361111111111112
53 0.1578125 0.27847222222222223 0.10520833333333333 0.13472222222222222
37 0.15989583333333332 0.4125 0.05520833333333333 0.13055555555555556
1 0.79375 0.20416666666666666 0.07291666666666667 0.1
53 0.8671875 0.5819444444444445 0.11145833333333334 0.14444444444444443
