33 0.7630208333333334 0.19930555555555557 0.090625 0.12638888888888888
33 0.4015625 0.8451388888888889 0.14479166666666668 0.14027777777777778
33 0.4083333333333333 0.11527777777777778 0.09583333333333334 0.11944444444444445
33 0.16927083333333334 0.5770833333333333 0.08020833333333334 0.15694444444444444
33 0.2046875 0.7854166666666667 0.08020833333333334 0.13194444444444445
33 0.6979166666666666 0.8138888888888889 0.09375 0.1
33 0.1828125 0.3138888888888889 0.08854166666666667 0.15
33 0.303125 0.14930555555555555 0.09375 0.12916666666666668
33 0.7817708333333333 0.7701388888888889 0.06145833333333333 0.10972222222222222
33 0.5588541666666667 0.8583333333333333 0.13645833333333332 0.11666666666666667
33 0.8208333333333333 0.4777777777777778 0.07083333333333333 0.1638888888888889
33 0.221875 0.17777777777777778 0.08333333333333333 0.11944444444444445
33 0.5552083333333333 0.1111111111111111 0.13125 0.1111111111111111
