0 0.4375 0.07291666666666667 0.1125 0.10416666666666667
0 0.1796875 0.47430555555555554 0.06145833333333333 0.14027777777777778
0 0.6015625 0.07222222222222222 0.11354166666666667 0.10277777777777777
0 0.5895833333333333 0.8555555555555555 0.11666666666666667 0.10277777777777777
0 0.4265625 0.8493055555555555 0.11354166666666667 0.10694444444444444
0 0.32083333333333336 0.11944444444444445 0.09166666666666666 0.1111111111111111
0 0.8036458333333333 0.7694444444444445 0.06354166666666666 0.10277777777777777
0 0.8557291666666667 0.5076388888888889 0.059375 0.14583333333333334
0 0.7911458333333333 0.15416666666666667 0.07395833333333333 0.11388888888888889
0 0.23385416666666667 0.7618055555555555 0.065625 0.10972222222222222
0 0.23697916666666666 0.15763888888888888 0.06770833333333333 0.10694444444444444
0 0.7098958333333333 0.8111111111111111 0.096875 0.1111111111111111
