68 0.5390625 0.4888888888888889 0.16770833333333332 0.2222222222222222
35 0.7651041666666667 0.7263888888888889 0.078125 0.12222222222222222
35 0.7744791666666667 0.31527777777777777 0.084375 0.13055555555555556
54 0.3307291666666667 0.8180555555555555 0.06979166666666667 0.07222222222222222
36 0.4041666666666667 0.3229166666666667 0.11041666666666666 0.1486111111111111
62 0.2359375 0.6805555555555556 0.06354166666666666 0.09444444444444444
33 0.4239583333333333 0.8472222222222222 0.09791666666666667 0.058333333333333334
61 0.628125 0.8430555555555556 0.10208333333333333 0.06944444444444445
61 0.6151041666666667 0.8826388888888889 0.09479166666666666 0.05416666666666667
35 0.7963541666666667 0.4583333333333333 0.07395833333333333 0.15
54 0.29010416666666666 0.26875 0.06145833333333333 0.09305555555555556
68 0.5270833333333333 0.30416666666666664 0.14791666666666667 0.15
35 0.7890625 0.5993055555555555 0.08020833333333334 0.14027777777777778
5 0.8354166666666667 0.6305555555555555 0.05 0.08333333333333333
46 0.6729166666666667 0.47430555555555554 0.10625 0.1597222222222222
61 0.6645833333333333 0.78125 0.12291666666666666 0.1125
36 0.4359375 0.21736111111111112 0.09479166666666666 0.09305555555555556
62 0.228125 0.35 0.05625 0.09444444444444444
62 0.265625 0.7631944444444444 0.05625 0.09027777777777778
73 0.5192708333333333 0.7215277777777778 0.08645833333333333 0.14583333333333334
54 0.25625 0.5055555555555555 0.0625 0.13055555555555556
5 0.7807291666666667 0.21666666666666667 0.046875 0.06944444444444445
33 0.38333333333333336 0.6548611111111111 0.13958333333333334 0.14027777777777778
54 0.2708333333333333 0.37222222222222223 0.07291666666666667 0.1361111111111111
46 0.634375 0.21666666666666667 0.08958333333333333 0.08055555555555556
62 0.253125 0.2611111111111111 0.04791666666666667 0.08888888888888889
73 0.5260416666666666 0.8444444444444444 0.058333333333333334 0.09166666666666666
35 0.7291666666666666 0.8090277777777778 0.075 0.0875
5 0.7854166666666667 0.7833333333333333 0.04791666666666667 0.06944444444444445
62 0.2140625 0.5770833333333333 0.059375 0.09305555555555556
73 0.5072916666666667 0.8166666666666667 0.06458333333333334 0.07777777777777778
5 0.8442708333333333 0.5118055555555555 0.057291666666666664 0.0763888888888889
33 0.4078125 0.8055555555555556 0.11354166666666667 0.07222222222222222
68 0.5322916666666667 0.19583333333333333 0.1125 0.08333333333333333
54 0.26875 0.6354166666666666 0.07083333333333333 0.12916666666666668
33 0.390625 0.7458333333333333 0.12083333333333333 0.1
61 0.68125 0.6743055555555556 0.13541666666666666 0.16805555555555557
47 0.6484375 0.3125 0.103125 0.1361111111111111
62 0.2125 0.45902777777777776 0.058333333333333334 0.09305555555555556
35 0.7328125 0.21388888888888888 0.08229166666666667 0.10277777777777777
54 0.3046875 0.7493055555555556 0.078125 0.10694444444444444
5 0.8125 0.7201388888888889 0.05 0.08194444444444444
36 0.3776041666666667 0.4979166666666667 0.11770833333333333 0.1625
5 0.834375 0.39652777777777776 0.0625 0.07916666666666666
5 0.8151041666666666 0.2916666666666667 0.051041666666666666 0.08055555555555556
