37 0.8197916666666667 0.30416666666666664 0.06041666666666667 0.11666666666666667
67 0.7895833333333333 0.6576388888888889 0.12083333333333333 0.21805555555555556
100 0.7036458333333333 0.18680555555555556 0.08854166666666667 0.10138888888888889
100 0.24427083333333333 0.4409722222222222 0.090625 0.15694444444444444
88 0.45625 0.7444444444444445 0.28125 0.12222222222222222
96 0.7885416666666667 0.20347222222222222 0.0625 0.0875
96 0.22291666666666668 0.19305555555555556 0.07291666666666667 0.09166666666666666
37 0.18645833333333334 0.29305555555555557 0.06875 0.125
88 0.4505208333333333 0.6347222222222222 0.29270833333333335 0.16944444444444445
100 0.296875 0.18472222222222223 0.08541666666666667 0.09722222222222222
100 0.2640625 0.2965277777777778 0.09270833333333334 0.13472222222222222
