6 0.5947916666666667 0.3326388888888889 0.08958333333333333 0.10694444444444444
35 0.37864583333333335 0.7625 0.08645833333333333 0.10555555555555556
16 0.7692708333333333 0.34930555555555554 0.08229166666666667 0.10694444444444444
0 0.4739583333333333 0.5625 0.1 0.13055555555555556
16 0.7479166666666667 0.2548611111111111 0.075 0.09861111111111111
0 0.47604166666666664 0.7805555555555556 0.08125 0.09166666666666666
35 0.3541666666666667 0.55625 0.10208333333333333 0.13194444444444445
72 0.28854166666666664 0.6111111111111112 0.075 0.10555555555555556
0 0.47291666666666665 0.3388888888888889 0.09166666666666666 0.10833333333333334
6 0.5921875 0.7708333333333334 0.08020833333333334 0.08611111111111111
6 0.5989583333333334 0.4479166666666667 0.09583333333333334 0.12083333333333333
71 0.6744791666666666 0.7729166666666667 0.07395833333333333 0.09583333333333334
16 0.7494791666666667 0.7583333333333333 0.07395833333333333 0.1
71 0.6791666666666667 0.2902777777777778 0.07708333333333334 0.09722222222222222
72 0.28489583333333335 0.3958333333333333 0.08020833333333334 0.1111111111111111
53 0.2171875 0.5638888888888889 0.09270833333333334 0.11666666666666667
53 0.25416666666666665 0.7569444444444444 0.08125 0.11388888888888889
6 0.5927083333333333 0.675 0.08958333333333333 0.11388888888888889
72 0.32395833333333335 0.7833333333333333 0.06666666666666667 0.08888888888888889
71 0.6911458333333333 0.38958333333333334 0.08229166666666667 0.11527777777777778
35 0.36875 0.2263888888888889 0.08125 0.08611111111111111
72 0.303125 0.24166666666666667 0.058333333333333334 0.08333333333333333
35 0.36041666666666666 0.31666666666666665 0.09375 0.11666666666666667
53 0.24427083333333333 0.25625 0.071875 0.10694444444444444
71 0.6651041666666667 0.20833333333333334 0.06979166666666667 0.07777777777777778
