72 0.22708333333333333 0.8034722222222223 0.09583333333333334 0.13472222222222222
72 0.1765625 0.48819444444444443 0.08854166666666667 0.17083333333333334
5 0.11302083333333333 0.5201388888888889 0.06145833333333333 0.09027777777777778
69 0.6458333333333334 0.83125 0.13541666666666666 0.10138888888888889
5 0.15729166666666666 0.7722222222222223 0.06458333333333334 0.1
71 0.8489583333333334 0.74375 0.07291666666666667 0.11527777777777778
69 0.6510416666666666 0.7409722222222223 0.14583333333333334 0.14027777777777778
69 0.6239583333333333 0.8979166666666667 0.12291666666666666 0.07361111111111111
1 0.32760416666666664 0.6013888888888889 0.15729166666666666 0.21666666666666667
71 0.8791666666666667 0.47430555555555554 0.06458333333333334 0.1375
6 0.7828125 0.5784722222222223 0.096875 0.16527777777777777
5 0.14427083333333332 0.38055555555555554 0.10729166666666666 0.09444444444444444
72 0.18958333333333333 0.6576388888888889 0.09583333333333334 0.17083333333333334
5 0.12395833333333334 0.6513888888888889 0.06458333333333334 0.08888888888888889
5 0.1953125 0.8638888888888889 0.059375 0.08333333333333333
72 0.2609375 0.8902777777777777 0.08645833333333333 0.08611111111111111
6 0.73125 0.8451388888888889 0.08541666666666667 0.09861111111111111
69 0.6541666666666667 0.6118055555555556 0.15833333333333333 0.17083333333333334
1 0.3546875 0.7923611111111111 0.134375 0.15694444444444444
6 0.7640625 0.7326388888888888 0.096875 0.14027777777777778
71 0.8729166666666667 0.6333333333333333 0.06666666666666667 0.12777777777777777
1 0.3880208333333333 0.9027777777777778 0.11354166666666667 0.09166666666666666
71 0.815625 0.83125 0.07083333333333333 0.09027777777777778
