36 0.2859375 0.8138888888888889 0.078125 0.10555555555555556
68 0.3640625 0.8347222222222223 0.08854166666666667 0.10277777777777777
47 0.22708333333333333 0.2111111111111111 0.0625 0.08888888888888889
76 0.4828125 0.6340277777777777 0.21979166666666666 0.27361111111111114
76 0.47760416666666666 0.8333333333333334 0.16979166666666667 0.1388888888888889
68 0.3453125 0.6979166666666666 0.13229166666666667 0.18194444444444444
36 0.24739583333333334 0.575 0.08854166666666667 0.15
47 0.1921875 0.6708333333333333 0.059375 0.11666666666666667
68 0.3796875 0.15763888888888888 0.103125 0.10138888888888889
76 0.5072916666666667 0.9222222222222223 0.13541666666666666 0.07777777777777778
36 0.2453125 0.42291666666666666 0.084375 0.1486111111111111
68 0.3338541666666667 0.48819444444444443 0.13854166666666667 0.22916666666666666
76 0.46979166666666666 0.3659722222222222 0.21458333333333332 0.2652777777777778
68 0.3536458333333333 0.28541666666666665 0.13020833333333334 0.17083333333333334
76 0.5057291666666667 0.0798611111111111 0.13229166666666667 0.0763888888888889
36 0.2604166666666667 0.7104166666666667 0.08333333333333333 0.13194444444444445
76 0.49322916666666666 0.17291666666666666 0.171875 0.13472222222222222
47 0.1765625 0.5486111111111112 0.05520833333333333 0.125
47 0.17916666666666667 0.42083333333333334 0.058333333333333334 0.125
47 0.1984375 0.30416666666666664 0.06145833333333333 0.1111111111111111
47 0.21770833333333334 0.7743055555555556 0.06041666666666667 0.09861111111111111
36 0.2630208333333333 0.28888888888888886 0.078125 0.13055555555555556
36 0.29375 0.18680555555555556 0.07916666666666666 0.10138888888888889
