6 0.21927083333333333 0.5729166666666666 0.090625 0.1625
6 0.6911458333333333 0.16527777777777777 0.09479166666666666 0.11666666666666667
72 0.865625 0.6111111111111112 0.06041666666666667 0.125
6 0.2786458333333333 0.8354166666666667 0.07604166666666666 0.10972222222222222
72 0.8369791666666667 0.7493055555555556 0.06145833333333333 0.10694444444444444
69 0.36875 0.16319444444444445 0.12291666666666666 0.11527777777777778
0 0.7276041666666667 0.7958333333333333 0.08854166666666667 0.11666666666666667
6 0.2755208333333333 0.1798611111111111 0.08020833333333334 0.1125
69 0.35260416666666666 0.8208333333333333 0.128125 0.12777777777777777
69 0.37135416666666665 0.8944444444444445 0.11145833333333334 0.06388888888888888
