27 0.18333333333333332 0.48194444444444445 0.08125 0.11666666666666667
40 0.5098958333333333 0.8486111111111111 0.103125 0.1361111111111111
27 0.23541666666666666 0.19444444444444445 0.07083333333333333 0.1
40 0.7901041666666667 0.18680555555555556 0.06979166666666667 0.10416666666666667
27 0.30625 0.7861111111111111 0.08333333333333333 0.11666666666666667
27 0.5041666666666667 0.1111111111111111 0.09583333333333334 0.1388888888888889
40 0.7885416666666667 0.7625 0.075 0.1
27 0.24270833333333333 0.7715277777777778 0.06666666666666667 0.10138888888888889
40 0.8427083333333333 0.49236111111111114 0.08541666666666667 0.1125
40 0.7109375 0.16111111111111112 0.08854166666666667 0.11666666666666667
40 0.6223958333333334 0.8270833333333333 0.09895833333333333 0.1375
40 0.6171875 0.12013888888888889 0.09895833333333333 0.13194444444444445
27 0.39791666666666664 0.13125 0.09583333333333334 0.13472222222222222
27 0.3958333333333333 0.8270833333333333 0.09583333333333334 0.12361111111111112
