39 0.1578125 0.6166666666666667 0.07604166666666666 0.11388888888888889
60 0.49635416666666665 0.3263888888888889 0.078125 0.11388888888888889
61 0.4036458333333333 0.33402777777777776 0.08854166666666667 0.08472222222222223
62 0.60625 0.32013888888888886 0.09375 0.13194444444444445
67 0.6828125 0.28958333333333336 0.09479166666666666 0.12361111111111112
54 0.2578125 0.24583333333333332 0.057291666666666664 0.06944444444444445
60 0.321875 0.6881944444444444 0.07708333333333334 0.09583333333333334
61 0.40989583333333335 0.70625 0.09270833333333334 0.09027777777777778
61 0.396875 0.4215277777777778 0.10208333333333333 0.09583333333333334
61 0.39947916666666666 0.6118055555555556 0.103125 0.09305555555555556
60 0.5161458333333333 0.23958333333333334 0.06354166666666666 0.08472222222222223
60 0.5171875 0.17708333333333334 0.059375 0.06527777777777778
60 0.525 0.41805555555555557 0.08541666666666667 0.11388888888888889
39 0.15572916666666667 0.4930555555555556 0.084375 0.11944444444444445
62 0.7645833333333333 0.6270833333333333 0.07291666666666667 0.09305555555555556
54 0.23020833333333332 0.3951388888888889 0.06041666666666667 0.09305555555555556
62 0.5927083333333333 0.22708333333333333 0.07916666666666666 0.10972222222222222
60 0.33697916666666666 0.7583333333333333 0.06979166666666667 0.09166666666666666
62 0.771875 0.5270833333333333 0.07708333333333334 0.09027777777777778
67 0.34270833333333334 0.21180555555555555 0.09375 0.09861111111111111
67 0.32083333333333336 0.32013888888888886 0.1 0.1375
61 0.39739583333333334 0.5180555555555556 0.10520833333333333 0.09722222222222222
54 0.5151041666666667 0.6673611111111111 0.096875 0.13472222222222222
67 0.6984375 0.42430555555555555 0.09895833333333333 0.1486111111111111
39 0.18385416666666668 0.7284722222222222 0.08229166666666667 0.10138888888888889
67 0.7057291666666666 0.5763888888888888 0.10104166666666667 0.15555555555555556
62 0.775 0.43194444444444446 0.05416666666666667 0.1
62 0.7484375 0.7159722222222222 0.07395833333333333 0.09305555555555556
39 0.23854166666666668 0.6041666666666666 0.12291666666666666 0.14166666666666666
54 0.24010416666666667 0.3125 0.059375 0.08055555555555556
54 0.303125 0.4409722222222222 0.07916666666666666 0.10972222222222222
60 0.53125 0.5347222222222222 0.08333333333333333 0.10555555555555556
61 0.41458333333333336 0.7784722222222222 0.08958333333333333 0.07361111111111111
