6 0.2635416666666667 0.75 0.10416666666666667 0.14444444444444443
69 0.375 0.14166666666666666 0.11666666666666667 0.10833333333333334
71 0.8213541666666667 0.8229166666666666 0.07395833333333333 0.10138888888888889
6 0.7078125 0.16666666666666666 0.090625 0.11944444444444445
69 0.6291666666666667 0.9013888888888889 0.11666666666666667 0.075
6 0.7317708333333334 0.8319444444444445 0.084375 0.11388888888888889
69 0.6020833333333333 0.13402777777777777 0.11875 0.10694444444444444
69 0.4036458333333333 0.8333333333333334 0.140625 0.125
71 0.1609375 0.7576388888888889 0.06979166666666667 0.11805555555555555
6 0.28020833333333334 0.18055555555555555 0.0875 0.11388888888888889
69 0.6380208333333334 0.8284722222222223 0.12604166666666666 0.12638888888888888
69 0.421875 0.9111111111111111 0.125 0.06666666666666667
71 0.8588541666666667 0.7229166666666667 0.06354166666666666 0.11805555555555555
71 0.20208333333333334 0.8465277777777778 0.07708333333333334 0.09861111111111111
6 0.2911458333333333 0.8611111111111112 0.09479166666666666 0.09166666666666666
