100 0.19375 0.3145833333333333 0.06041666666666667 0.12083333333333333
100 0.16666666666666666 0.44930555555555557 0.04791666666666667 0.12638888888888888
88 0.7541666666666667 0.4875 0.11458333333333333 0.1111111111111111
88 0.7255208333333333 0.36875 0.17395833333333333 0.12916666666666668
98 0.5307291666666667 0.1736111111111111 0.27395833333333336 0.21944444444444444
31 0.25729166666666664 0.5201388888888889 0.16458333333333333 0.38472222222222224
89 0.3072916666666667 0.20972222222222223 0.18541666666666667 0.23055555555555557
70 0.5182291666666666 0.5298611111111111 0.371875 0.4930555555555556
88 0.7203125 0.21736111111111112 0.115625 0.09305555555555556
100 0.21979166666666666 0.2111111111111111 0.058333333333333334 0.09444444444444444
88 0.7229166666666667 0.2847222222222222 0.1625 0.11666666666666667
