5 0.8666666666666667 0.3680555555555556 0.08958333333333333 0.08888888888888889
5 0.8869791666666667 0.6326388888888889 0.05520833333333333 0.09861111111111111
5 0.8182291666666667 0.8340277777777778 0.06770833333333333 0.07361111111111111
5 0.8765625 0.49930555555555556 0.090625 0.0875
5 0.715625 0.8069444444444445 0.15 0.20833333333333334
5 0.7635416666666667 0.19027777777777777 0.10208333333333333 0.1388888888888889
5 0.85625 0.7451388888888889 0.0625 0.09583333333333334
5 0.6822916666666666 0.9159722222222222 0.09583333333333334 0.13194444444444445
5 0.7979166666666667 0.30625 0.13125 0.15416666666666667
5 0.8307291666666666 0.45069444444444445 0.121875 0.12083333333333333
5 0.8203125 0.6159722222222223 0.13229166666666667 0.14027777777777778
5 0.778125 0.8777777777777778 0.052083333333333336 0.075
5 0.7916666666666666 0.7541666666666667 0.11458333333333333 0.14722222222222223
5 0.85 0.24513888888888888 0.06458333333333334 0.08194444444444444
