26 0.5916666666666667 0.80625 0.08125 0.10694444444444444
27 0.3 0.675 0.08541666666666667 0.11388888888888889
40 0.7859375 0.5625 0.059375 0.09722222222222222
17 0.4427083333333333 0.20069444444444445 0.07916666666666666 0.12083333333333333
27 0.34375 0.22361111111111112 0.07291666666666667 0.08888888888888889
60 0.5302083333333333 0.38472222222222224 0.06666666666666667 0.10555555555555556
9 0.7067708333333333 0.6805555555555556 0.090625 0.11388888888888889
40 0.7859375 0.45902777777777776 0.065625 0.09027777777777778
27 0.33177083333333335 0.7708333333333334 0.071875 0.1
17 0.4119791666666667 0.7118055555555556 0.103125 0.14305555555555555
26 0.6296875 0.4284722222222222 0.128125 0.14305555555555555
60 0.5161458333333333 0.6777777777777778 0.06145833333333333 0.09444444444444444
9 0.6854166666666667 0.23958333333333334 0.07291666666666667 0.09305555555555556
9 0.7270833333333333 0.5583333333333333 0.09791666666666667 0.11944444444444445
9 0.66875 0.7895833333333333 0.07291666666666667 0.10416666666666667
17 0.42135416666666664 0.8 0.08020833333333334 0.10833333333333334
9 0.7135416666666666 0.3263888888888889 0.0875 0.10833333333333334
60 0.5166666666666667 0.7493055555555556 0.05416666666666667 0.06805555555555555
40 0.771875 0.35625 0.0625 0.07916666666666666
60 0.5166666666666667 0.5833333333333334 0.06875 0.10555555555555556
56 0.22083333333333333 0.5138888888888888 0.08541666666666667 0.1111111111111111
17 0.3984375 0.5736111111111111 0.12395833333333334 0.14444444444444443
56 0.2703125 0.7555555555555555 0.071875 0.09166666666666666
40 0.7484375 0.275 0.059375 0.075
27 0.2864583333333333 0.42916666666666664 0.09375 0.11388888888888889
40 0.7348958333333333 0.7541666666666667 0.06354166666666666 0.07222222222222222
17 0.4083333333333333 0.4215277777777778 0.12291666666666666 0.1486111111111111
27 0.28541666666666665 0.5527777777777778 0.09166666666666666 0.1111111111111111
26 0.6229166666666667 0.575 0.125 0.14444444444444443
26 0.6078125 0.7104166666666667 0.103125 0.14305555555555555
56 0.2375 0.6527777777777778 0.07916666666666666 0.1111111111111111
56 0.23177083333333334 0.3972222222222222 0.08854166666666667 0.1111111111111111
26 0.6072916666666667 0.2923611111111111 0.10625 0.14305555555555555
60 0.5234375 0.47847222222222224 0.06770833333333333 0.09027777777777778
56 0.2552083333333333 0.2881944444444444 0.06875 0.10972222222222222
40 0.7640625 0.6729166666666667 0.06145833333333333 0.09583333333333334
27 0.3109375 0.30833333333333335 0.08229166666666667 0.1111111111111111
9 0.7286458333333333 0.4395833333333333 0.090625 0.11527777777777778
