29 0.5265625 0.7888888888888889 0.071875 0.1
27 0.2984375 0.8368055555555556 0.08645833333333333 0.11527777777777778
40 0.8151041666666666 0.6881944444444444 0.084375 0.10694444444444444
40 0.203125 0.6548611111111111 0.08125 0.1125
19 0.7953125 0.5597222222222222 0.10520833333333333 0.1111111111111111
27 0.7239583333333334 0.8375 0.08333333333333333 0.11388888888888889
40 0.8333333333333334 0.44166666666666665 0.08333333333333333 0.10833333333333334
19 0.22916666666666666 0.5222222222222223 0.10416666666666667 0.1111111111111111
40 0.19947916666666668 0.38680555555555557 0.08229166666666667 0.10694444444444444
29 0.521875 0.6479166666666667 0.075 0.18194444444444444
