37 0.6677083333333333 0.22569444444444445 0.06875 0.08194444444444444
37 0.5932291666666667 0.20972222222222223 0.078125 0.08888888888888889
37 0.7401041666666667 0.24097222222222223 0.059375 0.08194444444444444
37 0.2921875 0.2361111111111111 0.059375 0.08888888888888889
37 0.5104166666666666 0.2048611111111111 0.08125 0.09027777777777778
37 0.4317708333333333 0.7451388888888889 0.08020833333333334 0.0875
37 0.35520833333333335 0.7263888888888889 0.06875 0.08611111111111111
37 0.253125 0.45694444444444443 0.052083333333333336 0.1
37 0.7395833333333334 0.7131944444444445 0.05625 0.0875
37 0.2864583333333333 0.7159722222222222 0.06041666666666667 0.08472222222222223
37 0.5208333333333334 0.75 0.08125 0.09166666666666666
