71 0.13385416666666666 0.63125 0.06354166666666666 0.13194444444444445
65 0.2484375 0.7076388888888889 0.10729166666666666 0.1375
35 0.7895833333333333 0.7236111111111111 0.10208333333333333 0.1638888888888889
69 0.378125 0.7513888888888889 0.14791666666666667 0.14166666666666666
69 0.3875 0.8451388888888889 0.12916666666666668 0.08472222222222223
35 0.7583333333333333 0.8361111111111111 0.09375 0.10833333333333334
71 0.1609375 0.7451388888888889 0.071875 0.11527777777777778
65 0.28489583333333335 0.8486111111111111 0.09895833333333333 0.08888888888888889
69 0.4015625 0.8993055555555556 0.11979166666666667 0.059722222222222225
72 0.8385416666666666 0.7513888888888889 0.058333333333333334 0.10277777777777777
6 0.6005208333333333 0.8958333333333334 0.11145833333333334 0.09166666666666666
65 0.26614583333333336 0.7909722222222222 0.09895833333333333 0.10138888888888889
72 0.8609375 0.6361111111111111 0.06145833333333333 0.13055555555555556
6 0.64375 0.7847222222222222 0.13333333333333333 0.1638888888888889
72 0.8036458333333333 0.8381944444444445 0.05520833333333333 0.08194444444444444
71 0.20052083333333334 0.8361111111111111 0.071875 0.1
