45 0.20729166666666668 0.7944444444444444 0.08333333333333333 0.11666666666666667
45 0.7083333333333334 0.8034722222222223 0.09791666666666667 0.1486111111111111
45 0.4203125 0.10694444444444444 0.121875 0.1111111111111111
45 0.7864583333333334 0.7805555555555556 0.06875 0.125
45 0.15416666666666667 0.48055555555555557 0.06875 0.09444444444444444
45 0.7828125 0.21180555555555555 0.07604166666666666 0.12638888888888888
45 0.21510416666666668 0.17569444444444443 0.07604166666666666 0.1125
45 0.821875 0.36875 0.06875 0.14305555555555555
45 0.40989583333333335 0.8534722222222222 0.13229166666666667 0.1375
45 0.5708333333333333 0.8506944444444444 0.09375 0.14305555555555555
45 0.29635416666666664 0.14375 0.109375 0.12083333333333333
45 0.5630208333333333 0.10555555555555556 0.121875 0.10555555555555556
45 0.8239583333333333 0.6090277777777777 0.06875 0.14027777777777778
