39 0.3567708333333333 0.18888888888888888 0.109375 0.16111111111111112
39 0.3875 0.8972222222222223 0.09166666666666666 0.1388888888888889
26 0.5885416666666666 0.8847222222222222 0.09166666666666666 0.1361111111111111
39 0.18645833333333334 0.5444444444444444 0.08958333333333333 0.11666666666666667
26 0.8192708333333333 0.5451388888888888 0.090625 0.11527777777777778
39 0.2703125 0.23125 0.090625 0.12083333333333333
26 0.7838541666666666 0.2881944444444444 0.084375 0.1125
26 0.7697916666666667 0.7909722222222222 0.07916666666666666 0.10416666666666667
26 0.6859375 0.8479166666666667 0.090625 0.12361111111111112
39 0.221875 0.27291666666666664 0.07083333333333333 0.10972222222222222
26 0.6 0.20069444444444445 0.10416666666666667 0.1625
39 0.48385416666666664 0.9201388888888888 0.10104166666666667 0.1375
26 0.48489583333333336 0.1951388888888889 0.10520833333333333 0.16805555555555557
39 0.23854166666666668 0.7916666666666666 0.08125 0.10277777777777777
