27 0.3958333333333333 0.13055555555555556 0.09375 0.13333333333333333
40 0.8427083333333333 0.48680555555555555 0.08541666666666667 0.1125
40 0.5088541666666667 0.8506944444444444 0.10104166666666667 0.13472222222222222
27 0.23541666666666666 0.7652777777777777 0.06875 0.09722222222222222
40 0.7104166666666667 0.15902777777777777 0.0875 0.11527777777777778
40 0.7885416666666667 0.7631944444444444 0.075 0.10138888888888889
27 0.39947916666666666 0.8291666666666667 0.09270833333333334 0.125
40 0.6255208333333333 0.8284722222222223 0.096875 0.13472222222222222
27 0.18229166666666666 0.4791666666666667 0.07916666666666666 0.11388888888888889
27 0.5 0.11041666666666666 0.1 0.14027777777777778
40 0.7895833333333333 0.18680555555555556 0.07291666666666667 0.10694444444444444
27 0.23489583333333333 0.19652777777777777 0.071875 0.10138888888888889
27 0.3046875 0.7861111111111111 0.084375 0.11388888888888889
40 0.615625 0.12083333333333333 0.1 0.13333333333333333
