27 0.2390625 0.18958333333333333 0.06979166666666667 0.09861111111111111
27 0.30572916666666666 0.7875 0.08229166666666667 0.11388888888888889
27 0.18489583333333334 0.44375 0.08020833333333334 0.11527777777777778
27 0.39791666666666664 0.8284722222222223 0.09166666666666666 0.12083333333333333
40 0.5072916666666667 0.8486111111111111 0.10208333333333333 0.13333333333333333
27 0.5005208333333333 0.10972222222222222 0.09895833333333333 0.1388888888888889
27 0.23802083333333332 0.7673611111111112 0.06770833333333333 0.09861111111111111
27 0.39895833333333336 0.12986111111111112 0.09375 0.1375
40 0.6109375 0.11736111111111111 0.09479166666666666 0.13472222222222222
40 0.8427083333333333 0.48541666666666666 0.08541666666666667 0.1125
40 0.6244791666666667 0.8277777777777777 0.09895833333333333 0.1361111111111111
40 0.7953125 0.19722222222222222 0.071875 0.10277777777777777
40 0.7833333333333333 0.7638888888888888 0.07916666666666666 0.10277777777777777
40 0.7083333333333334 0.15694444444444444 0.0875 0.11666666666666667
