11 0.6932291666666667 0.68125 0.08645833333333333 0.10972222222222222
62 0.5776041666666667 0.7340277777777777 0.07395833333333333 0.09305555555555556
12 0.24635416666666668 0.7583333333333333 0.06979166666666667 0.1
19 0.328125 0.7444444444444445 0.0875 0.10833333333333334
60 0.3854166666666667 0.48819444444444443 0.06875 0.08472222222222223
19 0.30416666666666664 0.5444444444444444 0.1125 0.11388888888888889
60 0.40572916666666664 0.73125 0.065625 0.09583333333333334
11 0.665625 0.775 0.075 0.09444444444444444
12 0.19791666666666666 0.5652777777777778 0.07708333333333334 0.09722222222222222
12 0.19479166666666667 0.45416666666666666 0.075 0.09166666666666666
59 0.7739583333333333 0.6826388888888889 0.07291666666666667 0.09861111111111111
59 0.7770833333333333 0.33958333333333335 0.07291666666666667 0.09305555555555556
59 0.7416666666666667 0.76875 0.06666666666666667 0.08472222222222223
41 0.4859375 0.7291666666666666 0.071875 0.08333333333333333
11 0.70625 0.5631944444444444 0.09791666666666667 0.11805555555555555
19 0.3145833333333333 0.6576388888888889 0.10625 0.12083333333333333
59 0.7979166666666667 0.45208333333333334 0.07291666666666667 0.09861111111111111
62 0.5864583333333333 0.6541666666666667 0.08125 0.10833333333333334
41 0.4864583333333333 0.5354166666666667 0.08958333333333333 0.11527777777777778
12 0.2171875 0.3451388888888889 0.078125 0.10138888888888889
11 0.7151041666666667 0.44305555555555554 0.09479166666666666 0.1111111111111111
60 0.41510416666666666 0.2652777777777778 0.06770833333333333 0.09166666666666666
62 0.5932291666666667 0.44375 0.08645833333333333 0.10694444444444444
19 0.3072916666666667 0.4270833333333333 0.1125 0.12083333333333333
12 0.21614583333333334 0.6715277777777777 0.07604166666666666 0.10138888888888889
59 0.7947916666666667 0.5694444444444444 0.07291666666666667 0.10277777777777777
41 0.496875 0.3388888888888889 0.07916666666666666 0.1
