45 0.21145833333333333 0.22916666666666666 0.0875 0.13333333333333333
45 0.8458333333333333 0.6840277777777778 0.075 0.1375
45 0.63125 0.14583333333333334 0.11875 0.1388888888888889
45 0.21302083333333333 0.8131944444444444 0.06770833333333333 0.10138888888888889
45 0.3026041666666667 0.8701388888888889 0.09479166666666666 0.1125
45 0.6182291666666667 0.9159722222222222 0.128125 0.13194444444444445
45 0.1640625 0.39861111111111114 0.07395833333333333 0.14722222222222223
45 0.4625 0.11458333333333333 0.13333333333333333 0.12916666666666668
45 0.6848958333333334 0.6645833333333333 0.16979166666666667 0.25972222222222224
45 0.8572916666666667 0.4708333333333333 0.06875 0.1388888888888889
45 0.7442708333333333 0.2 0.09270833333333334 0.11666666666666667
45 0.25364583333333335 0.6069444444444444 0.121875 0.20555555555555555
45 0.8078125 0.8118055555555556 0.07395833333333333 0.11527777777777778
45 0.44166666666666665 0.9270833333333334 0.12916666666666668 0.1125
45 0.1640625 0.6409722222222223 0.06770833333333333 0.13472222222222222
45 0.81875 0.23472222222222222 0.0625 0.1
