27 0.46927083333333336 0.46041666666666664 0.134375 0.18194444444444444
27 0.7838541666666666 0.2375 0.078125 0.10277777777777777
27 0.8317708333333333 0.4222222222222222 0.078125 0.1111111111111111
27 0.2677083333333333 0.46458333333333335 0.10833333333333334 0.14305555555555555
27 0.5244791666666667 0.8736111111111111 0.09895833333333333 0.12222222222222222
27 0.38177083333333334 0.16319444444444445 0.09270833333333334 0.12361111111111112
27 0.7135416666666666 0.49166666666666664 0.12083333333333333 0.15833333333333333
27 0.18489583333333334 0.41041666666666665 0.08020833333333334 0.11527777777777778
27 0.5875 0.1625 0.09791666666666667 0.1388888888888889
27 0.2989583333333333 0.1986111111111111 0.08333333333333333 0.10833333333333334
27 0.23385416666666667 0.22013888888888888 0.065625 0.09583333333333334
27 0.23229166666666667 0.7888888888888889 0.06875 0.09722222222222222
27 0.7109375 0.8118055555555556 0.08229166666666667 0.10972222222222222
27 0.8182291666666667 0.6256944444444444 0.08645833333333333 0.1125
27 0.7770833333333333 0.7923611111111111 0.06666666666666667 0.09583333333333334
27 0.6270833333333333 0.85 0.09583333333333334 0.12222222222222222
27 0.4239583333333333 0.8604166666666667 0.09583333333333334 0.12638888888888888
27 0.48333333333333334 0.14097222222222222 0.09791666666666667 0.12916666666666668
27 0.1828125 0.5694444444444444 0.084375 0.11388888888888889
