11 0.3 0.7763888888888889 0.08125 0.11388888888888889
27 0.203125 0.30277777777777776 0.07916666666666666 0.10277777777777777
10 0.7640625 0.3715277777777778 0.11770833333333333 0.13472222222222222
11 0.27447916666666666 0.6638888888888889 0.10104166666666667 0.13055555555555556
27 0.2015625 0.6708333333333333 0.06770833333333333 0.1
22 0.43385416666666665 0.1625 0.090625 0.12777777777777777
20 0.6213541666666667 0.8270833333333333 0.10104166666666667 0.14027777777777778
20 0.65625 0.25625 0.12708333333333333 0.1763888888888889
27 0.234375 0.76875 0.06458333333333334 0.09027777777777778
27 0.18229166666666666 0.42916666666666664 0.07708333333333334 0.10833333333333334
14 0.525 0.7368055555555556 0.12916666666666668 0.18194444444444444
20 0.6291666666666667 0.125 0.10208333333333333 0.13333333333333333
51 0.5177083333333333 0.8604166666666667 0.0875 0.1375
24 0.5255208333333333 0.15138888888888888 0.090625 0.11666666666666667
25 0.8260416666666667 0.6659722222222222 0.07291666666666667 0.10416666666666667
40 0.6734375 0.4395833333333333 0.15104166666666666 0.16527777777777777
20 0.41302083333333334 0.8555555555555555 0.096875 0.11944444444444445
10 0.7453125 0.23680555555555555 0.08645833333333333 0.14027777777777778
10 0.7708333333333334 0.5256944444444445 0.12083333333333333 0.13472222222222222
10 0.7208333333333333 0.7868055555555555 0.09583333333333334 0.12083333333333333
27 0.18177083333333333 0.5534722222222223 0.06979166666666667 0.10694444444444444
11 0.26614583333333336 0.36736111111111114 0.11145833333333334 0.13194444444444445
11 0.309375 0.21319444444444444 0.09791666666666667 0.13472222222222222
20 0.6875 0.6444444444444445 0.13333333333333333 0.17222222222222222
11 0.265625 0.5222222222222223 0.11041666666666666 0.12777777777777777
25 0.8203125 0.2861111111111111 0.08229166666666667 0.1
40 0.3927083333333333 0.7493055555555556 0.11875 0.1625
10 0.7671875 0.6756944444444445 0.078125 0.13472222222222222
25 0.84375 0.41875 0.08125 0.10972222222222222
14 0.3515625 0.5763888888888888 0.13854166666666667 0.18333333333333332
25 0.7927083333333333 0.7666666666666667 0.07083333333333333 0.09166666666666666
22 0.40729166666666666 0.26944444444444443 0.1125 0.15833333333333333
20 0.5161458333333333 0.5340277777777778 0.153125 0.1986111111111111
24 0.528125 0.25833333333333336 0.10416666666666667 0.1638888888888889
25 0.79375 0.19027777777777777 0.06875 0.09444444444444444
27 0.23489583333333333 0.19652777777777777 0.06979166666666667 0.10138888888888889
25 0.8453125 0.5472222222222223 0.07604166666666666 0.1111111111111111
