5 0.6364583333333333 0.3840277777777778 0.10625 0.12638888888888888
5 0.6161458333333333 0.1909722222222222 0.08020833333333334 0.12083333333333333
5 0.784375 0.3902777777777778 0.07916666666666666 0.09166666666666666
5 0.6171875 0.75 0.08854166666666667 0.1388888888888889
5 0.5390625 0.6326388888888889 0.084375 0.14305555555555555
5 0.7822916666666667 0.5736111111111111 0.08333333333333333 0.08888888888888889
5 0.7166666666666667 0.5923611111111111 0.09791666666666667 0.1125
5 0.746875 0.7368055555555556 0.07083333333333333 0.09583333333333334
5 0.6375 0.6256944444444444 0.10833333333333334 0.12916666666666668
5 0.6890625 0.7354166666666667 0.08645833333333333 0.1125
5 0.534375 0.7631944444444444 0.07083333333333333 0.14583333333333334
5 0.7177083333333333 0.38958333333333334 0.10208333333333333 0.10972222222222222
5 0.6885416666666667 0.21597222222222223 0.08333333333333333 0.1125
5 0.7458333333333333 0.22361111111111112 0.07708333333333334 0.10277777777777777
