37 0.5192708333333333 0.75 0.08229166666666667 0.08888888888888889
37 0.4348958333333333 0.7465277777777778 0.08020833333333334 0.09027777777777778
37 0.2947916666666667 0.23472222222222222 0.06041666666666667 0.08888888888888889
37 0.5098958333333333 0.20347222222222222 0.08020833333333334 0.09027777777777778
37 0.7640625 0.49027777777777776 0.059375 0.10277777777777777
37 0.7380208333333333 0.24305555555555555 0.059375 0.08611111111111111
37 0.35625 0.725 0.06875 0.08611111111111111
37 0.5932291666666667 0.21041666666666667 0.078125 0.08472222222222223
37 0.2859375 0.7166666666666667 0.059375 0.08333333333333333
37 0.7307291666666667 0.7166666666666667 0.057291666666666664 0.08611111111111111
37 0.2609375 0.4305555555555556 0.059375 0.10277777777777777
