36 0.6213541666666667 0.3875 0.06979166666666667 0.08888888888888889
49 0.5015625 0.6493055555555556 0.153125 0.17916666666666667
68 0.3692708333333333 0.5541666666666667 0.071875 0.10833333333333334
76 0.303125 0.6375 0.058333333333333334 0.09166666666666666
15 0.475 0.20069444444444445 0.075 0.10138888888888889
55 0.46510416666666665 0.28680555555555554 0.10520833333333333 0.1736111111111111
68 0.6833333333333333 0.32708333333333334 0.05416666666666667 0.08472222222222223
46 0.5796875 0.3104166666666667 0.06354166666666666 0.0763888888888889
36 0.5505208333333333 0.37916666666666665 0.071875 0.10277777777777777
80 0.321875 0.3229166666666667 0.07916666666666666 0.12638888888888888
68 0.6942708333333333 0.41944444444444445 0.06354166666666666 0.09722222222222222
79 0.4484375 0.4840277777777778 0.13229166666666667 0.18194444444444444
76 0.30520833333333336 0.44027777777777777 0.06458333333333334 0.1
76 0.29583333333333334 0.5423611111111111 0.06041666666666667 0.10138888888888889
54 0.39166666666666666 0.28125 0.058333333333333334 0.07083333333333333
76 0.3171875 0.7194444444444444 0.057291666666666664 0.08055555555555556
54 0.378125 0.35208333333333336 0.07083333333333333 0.09305555555555556
70 0.6942708333333333 0.5847222222222223 0.09895833333333333 0.18888888888888888
31 0.3885416666666667 0.69375 0.11875 0.15694444444444444
70 0.6083333333333333 0.7173611111111111 0.12916666666666668 0.15138888888888888
32 0.5979166666666667 0.5215277777777778 0.13541666666666666 0.19305555555555556
47 0.6359375 0.32083333333333336 0.053125 0.06666666666666667
