86 0.47291666666666665 0.375 0.15208333333333332 0.07222222222222222
85 0.6973958333333333 0.6993055555555555 0.06354166666666666 0.10138888888888889
87 0.6109375 0.7048611111111112 0.121875 0.09583333333333334
84 0.33489583333333334 0.5388888888888889 0.10729166666666666 0.09722222222222222
86 0.46979166666666666 0.60625 0.15625 0.07916666666666666
87 0.615625 0.3159722222222222 0.13541666666666666 0.08472222222222223
85 0.7098958333333333 0.6048611111111111 0.06979166666666667 0.11527777777777778
84 0.3421875 0.3597222222222222 0.09895833333333333 0.06944444444444445
84 0.3541666666666667 0.73125 0.09583333333333334 0.06527777777777778
84 0.34739583333333335 0.6881944444444444 0.09479166666666666 0.07361111111111111
86 0.4708333333333333 0.7138888888888889 0.13958333333333334 0.06944444444444445
87 0.603125 0.7736111111111111 0.12083333333333333 0.06388888888888888
