5 0.25833333333333336 0.7854166666666667 0.05 0.07083333333333333
5 0.7838541666666666 0.7833333333333333 0.04895833333333333 0.07222222222222222
54 0.2520833333333333 0.5555555555555556 0.0625 0.1361111111111111
79 0.7223958333333333 0.3 0.11770833333333333 0.18888888888888888
54 0.7833333333333333 0.56875 0.07083333333333333 0.14305555555555555
62 0.8119791666666667 0.38125 0.07395833333333333 0.10694444444444444
62 0.2375 0.3416666666666667 0.07083333333333333 0.10555555555555556
71 0.7286458333333333 0.8118055555555556 0.07395833333333333 0.08472222222222223
73 0.29375 0.32013888888888886 0.06666666666666667 0.0875
62 0.21510416666666668 0.5277777777777778 0.059375 0.10555555555555556
71 0.3140625 0.8145833333333333 0.078125 0.08472222222222223
83 0.5333333333333333 0.39375 0.3104166666666667 0.3597222222222222
62 0.8260416666666667 0.5430555555555555 0.06041666666666667 0.1
5 0.22916666666666666 0.6965277777777777 0.0625 0.09861111111111111
60 0.2598958333333333 0.2569444444444444 0.06145833333333333 0.07777777777777778
35 0.7604166666666666 0.7201388888888889 0.08958333333333333 0.13472222222222222
35 0.2796875 0.7277777777777777 0.084375 0.13333333333333333
49 0.6197916666666666 0.7916666666666666 0.18541666666666667 0.175
50 0.4359375 0.8319444444444445 0.15520833333333334 0.10833333333333334
5 0.8130208333333333 0.7145833333333333 0.051041666666666666 0.0875
50 0.45989583333333334 0.6875 0.228125 0.25555555555555554
