40 0.20208333333333334 0.29930555555555555 0.08541666666666667 0.10694444444444444
93 0.3380208333333333 0.4340277777777778 0.11770833333333333 0.12083333333333333
22 0.5104166666666666 0.18263888888888888 0.09375 0.14583333333333334
40 0.8322916666666667 0.5986111111111111 0.08541666666666667 0.11388888888888889
40 0.22083333333333333 0.70625 0.08333333333333333 0.1125
40 0.18333333333333332 0.5513888888888889 0.08333333333333333 0.11666666666666667
40 0.8322916666666667 0.3347222222222222 0.08125 0.1111111111111111
22 0.5041666666666667 0.6055555555555555 0.11458333333333333 0.175
19 0.21822916666666667 0.43125 0.10520833333333333 0.1125
27 0.6963541666666667 0.7868055555555555 0.09479166666666666 0.12916666666666668
19 0.8036458333333333 0.47152777777777777 0.10520833333333333 0.1125
27 0.3333333333333333 0.7958333333333333 0.09166666666666666 0.11944444444444445
93 0.6671875 0.4652777777777778 0.115625 0.11666666666666667
