79 0.5265625 0.6173611111111111 0.303125 0.3902777777777778
78 0.7890625 0.21666666666666667 0.10104166666666667 0.16944444444444445
79 0.5036458333333333 0.10277777777777777 0.190625 0.11388888888888889
50 0.7307291666666667 0.6465277777777778 0.153125 0.28194444444444444
77 0.215625 0.8055555555555556 0.11666666666666667 0.18888888888888888
77 0.17291666666666666 0.3625 0.0875 0.23055555555555557
79 0.5052083333333334 0.2881944444444444 0.27291666666666664 0.2902777777777778
32 0.32760416666666664 0.1486111111111111 0.17395833333333333 0.15833333333333333
50 0.6822916666666666 0.8493055555555555 0.14791666666666667 0.15694444444444444
78 0.8317708333333333 0.4125 0.08020833333333334 0.23333333333333334
78 0.7854166666666667 0.8076388888888889 0.10208333333333333 0.1597222222222222
32 0.2791666666666667 0.3680555555555556 0.18333333333333332 0.3194444444444444
78 0.8286458333333333 0.6354166666666666 0.084375 0.22083333333333333
79 0.5130208333333334 0.8784722222222222 0.20729166666666668 0.1486111111111111
50 0.6744791666666666 0.1597222222222222 0.153125 0.15555555555555556
32 0.303125 0.6826388888888889 0.20416666666666666 0.31805555555555554
77 0.16822916666666668 0.6034722222222222 0.08645833333333333 0.25416666666666665
50 0.7203125 0.3611111111111111 0.159375 0.28888888888888886
77 0.21770833333333334 0.18194444444444444 0.11041666666666666 0.175
32 0.34375 0.8930555555555556 0.17083333333333334 0.14722222222222223
