34 0.3145833333333333 0.15763888888888888 0.10625 0.12083333333333333
34 0.8447916666666667 0.475 0.06458333333333334 0.1
34 0.79375 0.7965277777777777 0.07708333333333334 0.11805555555555555
34 0.5875 0.11319444444444444 0.12291666666666666 0.10972222222222222
34 0.1890625 0.6111111111111112 0.07395833333333333 0.11666666666666667
34 0.43333333333333335 0.8743055555555556 0.125 0.10972222222222222
34 0.24114583333333334 0.1798611111111111 0.071875 0.11527777777777778
34 0.23385416666666667 0.7916666666666666 0.084375 0.11666666666666667
34 0.7098958333333333 0.8305555555555556 0.10729166666666666 0.12777777777777777
34 0.19322916666666667 0.34305555555555556 0.071875 0.1111111111111111
34 0.7802083333333333 0.18333333333333332 0.08333333333333333 0.12222222222222222
34 0.5890625 0.8708333333333333 0.12395833333333334 0.11388888888888889
34 0.43125 0.11597222222222223 0.12083333333333333 0.10972222222222222
