22 0.5005208333333333 0.2013888888888889 0.09479166666666666 0.15
24 0.49583333333333335 0.8513888888888889 0.08541666666666667 0.10555555555555556
24 0.49635416666666665 0.4951388888888889 0.11770833333333333 0.15694444444444444
17 0.740625 0.5520833333333334 0.11458333333333333 0.13472222222222222
17 0.2671875 0.2875 0.10104166666666667 0.125
17 0.246875 0.4979166666666667 0.11041666666666666 0.13194444444444445
18 0.7125 0.2513888888888889 0.10833333333333334 0.1388888888888889
23 0.3828125 0.1763888888888889 0.11145833333333334 0.15555555555555556
23 0.7848958333333333 0.23472222222222222 0.071875 0.1111111111111111
25 0.834375 0.5340277777777778 0.08125 0.12361111111111112
27 0.5958333333333333 0.86875 0.09166666666666666 0.12638888888888888
24 0.4973958333333333 0.7534722222222222 0.10104166666666667 0.1597222222222222
23 0.2171875 0.2298611111111111 0.084375 0.10416666666666667
27 0.16875 0.46111111111111114 0.07916666666666666 0.11666666666666667
39 0.22447916666666667 0.8034722222222223 0.08020833333333334 0.10416666666666667
22 0.4036458333333333 0.8270833333333333 0.08854166666666667 0.13194444444444445
