0 0.7645833333333333 0.3958333333333333 0.0625 0.1
0 0.28854166666666664 0.7159722222222222 0.06041666666666667 0.08472222222222223
0 0.4015625 0.5777777777777777 0.090625 0.11944444444444445
0 0.7385416666666667 0.24027777777777778 0.05625 0.08611111111111111
0 0.7416666666666667 0.7131944444444445 0.058333333333333334 0.0875
0 0.42291666666666666 0.3375 0.08958333333333333 0.11666666666666667
0 0.7661458333333333 0.5590277777777778 0.057291666666666664 0.09861111111111111
0 0.5270833333333333 0.20347222222222222 0.07916666666666666 0.09027777777777778
0 0.4973958333333333 0.75 0.08020833333333334 0.09166666666666666
0 0.6208333333333333 0.33958333333333335 0.08958333333333333 0.1125
0 0.5166666666666667 0.4840277777777778 0.10208333333333333 0.13194444444444445
0 0.25729166666666664 0.4847222222222222 0.06041666666666667 0.10277777777777777
0 0.6276041666666666 0.5819444444444445 0.08645833333333333 0.11666666666666667
0 0.2921875 0.2375 0.06145833333333333 0.08888888888888889
