33 0.5614583333333333 0.8701388888888889 0.13125 0.10972222222222222
33 0.19270833333333334 0.7673611111111112 0.07708333333333334 0.12916666666666668
33 0.3875 0.12152777777777778 0.09583333333333334 0.12361111111111112
33 0.4 0.8597222222222223 0.12916666666666668 0.11666666666666667
33 0.1765625 0.34930555555555554 0.103125 0.1486111111111111
33 0.19947916666666668 0.20694444444444443 0.07604166666666666 0.12222222222222222
33 0.5692708333333333 0.10972222222222222 0.121875 0.10833333333333334
33 0.15572916666666667 0.5680555555555555 0.06979166666666667 0.14166666666666666
33 0.825 0.4548611111111111 0.06875 0.11805555555555555
33 0.6838541666666667 0.83125 0.109375 0.11527777777777778
33 0.7692708333333333 0.8055555555555556 0.071875 0.1
33 0.2869791666666667 0.1625 0.096875 0.1361111111111111
33 0.7671875 0.1909722222222222 0.08854166666666667 0.12083333333333333
