11 0.19791666666666666 0.6930555555555555 0.07708333333333334 0.09722222222222222
11 0.7598958333333333 0.80625 0.06770833333333333 0.09305555555555556
15 0.7130208333333333 0.7402777777777778 0.09895833333333333 0.1361111111111111
15 0.6932291666666667 0.8416666666666667 0.07604166666666666 0.10277777777777777
15 0.24947916666666667 0.5965277777777778 0.11354166666666667 0.1375
20 0.37916666666666665 0.8805555555555555 0.08958333333333333 0.11388888888888889
20 0.58125 0.8909722222222223 0.08958333333333333 0.11805555555555555
15 0.26979166666666665 0.73125 0.09375 0.13194444444444445
14 0.15989583333333332 0.5736111111111111 0.071875 0.11944444444444445
15 0.2869791666666667 0.83125 0.065625 0.10416666666666667
20 0.353125 0.7777777777777778 0.12083333333333333 0.16666666666666666
11 0.225 0.7868055555555555 0.06875 0.09305555555555556
11 0.7942708333333334 0.7041666666666667 0.08229166666666667 0.1
20 0.6161458333333333 0.7902777777777777 0.121875 0.16666666666666666
14 0.8307291666666666 0.5902777777777778 0.07604166666666666 0.11944444444444445
14 0.159375 0.4479166666666667 0.075 0.12361111111111112
15 0.7369791666666666 0.6034722222222222 0.11770833333333333 0.1375
