21 0.3494791666666667 0.4013888888888889 0.153125 0.17777777777777778
21 0.33489583333333334 0.20208333333333334 0.11145833333333334 0.15138888888888888
21 0.45416666666666666 0.17083333333333334 0.10625 0.16944444444444445
21 0.690625 0.7951388888888888 0.10208333333333333 0.1486111111111111
21 0.7614583333333333 0.22708333333333333 0.08333333333333333 0.11805555555555555
21 0.678125 0.2048611111111111 0.10416666666666667 0.1375
21 0.340625 0.6138888888888889 0.14583333333333334 0.18055555555555555
21 0.63125 0.625 0.14583333333333334 0.18611111111111112
21 0.471875 0.8388888888888889 0.1 0.18055555555555555
21 0.23489583333333333 0.7798611111111111 0.09270833333333334 0.12361111111111112
21 0.5895833333333333 0.8298611111111112 0.10625 0.1736111111111111
21 0.5723958333333333 0.175 0.11145833333333334 0.16111111111111112
21 0.8119791666666667 0.49375 0.096875 0.12083333333333333
21 0.18854166666666666 0.5180555555555556 0.10625 0.12222222222222222
21 0.6369791666666667 0.4 0.15104166666666666 0.18611111111111112
21 0.35833333333333334 0.8222222222222222 0.10625 0.15555555555555556
21 0.2265625 0.2465277777777778 0.09270833333333334 0.11805555555555555
21 0.49114583333333334 0.49236111111111114 0.134375 0.1736111111111111
21 0.7645833333333333 0.7694444444444445 0.08541666666666667 0.125
