80 0.7510416666666667 0.24375 0.10833333333333334 0.15416666666666667
76 0.3734375 0.8111111111111111 0.096875 0.09444444444444444
76 0.31354166666666666 0.5513888888888889 0.10416666666666667 0.18611111111111112
81 0.6848958333333334 0.6423611111111112 0.128125 0.20694444444444443
32 0.49166666666666664 0.6590277777777778 0.27291666666666664 0.3263888888888889
77 0.2421875 0.6111111111111112 0.07604166666666666 0.2
80 0.7911458333333333 0.6069444444444444 0.08854166666666667 0.21944444444444444
77 0.28489583333333335 0.7708333333333334 0.09895833333333333 0.14444444444444443
32 0.5427083333333333 0.8506944444444444 0.1875 0.10972222222222222
76 0.32760416666666664 0.37222222222222223 0.11145833333333334 0.175
77 0.2390625 0.4097222222222222 0.07604166666666666 0.20833333333333334
81 0.6692708333333334 0.7770833333333333 0.11145833333333334 0.11527777777777778
81 0.6828125 0.42430555555555555 0.146875 0.22916666666666666
80 0.7557291666666667 0.7680555555555556 0.09895833333333333 0.14444444444444443
76 0.3307291666666667 0.7090277777777778 0.09895833333333333 0.14027777777777778
