61 0.4036458333333333 0.33402777777777776 0.08854166666666667 0.08472222222222223
67 0.32083333333333336 0.32083333333333336 0.1 0.1388888888888889
39 0.15625 0.49375 0.08333333333333333 0.11805555555555555
60 0.321875 0.6881944444444444 0.07708333333333334 0.09583333333333334
67 0.34270833333333334 0.21180555555555555 0.09375 0.09861111111111111
61 0.396875 0.5173611111111112 0.10416666666666667 0.09583333333333334
54 0.303125 0.44166666666666665 0.07916666666666666 0.10833333333333334
54 0.2578125 0.24583333333333332 0.057291666666666664 0.06944444444444445
62 0.7645833333333333 0.6270833333333333 0.07291666666666667 0.09305555555555556
60 0.5171875 0.17847222222222223 0.059375 0.06805555555555555
60 0.5161458333333333 0.23958333333333334 0.06354166666666666 0.08194444444444444
39 0.184375 0.7291666666666666 0.08333333333333333 0.10277777777777777
61 0.40989583333333335 0.70625 0.09270833333333334 0.09027777777777778
54 0.23020833333333332 0.3951388888888889 0.06041666666666667 0.09305555555555556
60 0.33697916666666666 0.7583333333333333 0.06979166666666667 0.09166666666666666
60 0.528125 0.4173611111111111 0.07916666666666666 0.1125
62 0.771875 0.5270833333333333 0.07708333333333334 0.09027777777777778
67 0.6828125 0.28888888888888886 0.09479166666666666 0.125
61 0.396875 0.4215277777777778 0.10208333333333333 0.09583333333333334
61 0.39947916666666666 0.6118055555555556 0.103125 0.09305555555555556
62 0.5927083333333333 0.22708333333333333 0.07916666666666666 0.10972222222222222
60 0.53125 0.5347222222222222 0.08333333333333333 0.10555555555555556
60 0.49635416666666665 0.3263888888888889 0.078125 0.11388888888888889
67 0.70625 0.5763888888888888 0.1 0.15555555555555556
67 0.6984375 0.42430555555555555 0.09895833333333333 0.1486111111111111
62 0.6057291666666667 0.32083333333333336 0.09479166666666666 0.13333333333333333
62 0.7479166666666667 0.7159722222222222 0.07291666666666667 0.09305555555555556
54 0.5151041666666667 0.6673611111111111 0.096875 0.13472222222222222
62 0.7661458333333333 0.42777777777777776 0.071875 0.1111111111111111
54 0.24010416666666667 0.31319444444444444 0.057291666666666664 0.07916666666666666
39 0.1578125 0.6159722222222223 0.07604166666666666 0.1125
39 0.23854166666666668 0.6041666666666666 0.12291666666666666 0.14166666666666666
61 0.41458333333333336 0.7784722222222222 0.08958333333333333 0.07361111111111111
