22 0.39479166666666665 0.53125 0.13333333333333333 0.14583333333333334
27 0.6588541666666666 0.24513888888888888 0.115625 0.15694444444444444
22 0.3145833333333333 0.6541666666666667 0.10208333333333333 0.13333333333333333
22 0.5255208333333333 0.15694444444444444 0.090625 0.11944444444444445
42 0.3984375 0.2791666666666667 0.128125 0.16944444444444445
22 0.521875 0.2763888888888889 0.10416666666666667 0.175
26 0.41458333333333336 0.15138888888888888 0.09791666666666667 0.1361111111111111
27 0.6322916666666667 0.13541666666666666 0.09583333333333334 0.12916666666666668
27 0.5260416666666666 0.6215277777777778 0.1375 0.1875
22 0.3411458333333333 0.7625 0.090625 0.1111111111111111
27 0.5239583333333333 0.7888888888888889 0.11666666666666667 0.15
