27 0.32135416666666666 0.7868055555555555 0.09270833333333334 0.12638888888888888
93 0.4 0.41388888888888886 0.12291666666666666 0.1388888888888889
22 0.5098958333333333 0.15486111111111112 0.09479166666666666 0.12638888888888888
27 0.6947916666666667 0.7895833333333333 0.09166666666666666 0.12638888888888888
40 0.8213541666666667 0.30694444444444446 0.084375 0.1111111111111111
19 0.21822916666666667 0.4340277777777778 0.10729166666666666 0.1125
40 0.203125 0.29791666666666666 0.08541666666666667 0.10972222222222222
22 0.5161458333333333 0.26805555555555555 0.109375 0.17222222222222222
40 0.209375 0.6826388888888889 0.08125 0.10694444444444444
19 0.8015625 0.4479166666666667 0.10729166666666666 0.11527777777777778
40 0.8364583333333333 0.5694444444444444 0.08333333333333333 0.11388888888888889
40 0.184375 0.5555555555555556 0.08333333333333333 0.11666666666666667
