102 0.5760416666666667 0.4486111111111111 0.10416666666666667 0.05277777777777778
102 0.37604166666666666 0.5520833333333334 0.09583333333333334 0.05416666666666667
102 0.5682291666666667 0.3902777777777778 0.09895833333333333 0.06111111111111111
102 0.38177083333333334 0.71875 0.09270833333333334 0.04027777777777778
102 0.3776041666666667 0.6416666666666667 0.09270833333333334 0.05
102 0.5744791666666667 0.5520833333333334 0.10729166666666666 0.04583333333333333
102 0.5625 0.7201388888888889 0.1 0.0375
102 0.5661458333333333 0.6 0.09895833333333333 0.05
102 0.37552083333333336 0.49930555555555556 0.09895833333333333 0.05416666666666667
102 0.5770833333333333 0.5034722222222222 0.10833333333333334 0.05416666666666667
102 0.38125 0.38125 0.1 0.059722222222222225
102 0.384375 0.6819444444444445 0.09583333333333334 0.03611111111111111
102 0.3765625 0.44583333333333336 0.09895833333333333 0.05555555555555555
102 0.5682291666666667 0.6430555555555556 0.096875 0.05277777777777778
102 0.5666666666666667 0.6847222222222222 0.09375 0.041666666666666664
102 0.378125 0.6013888888888889 0.1 0.058333333333333334
