17 0.21302083333333333 0.30486111111111114 0.071875 0.10694444444444444
17 0.2520833333333333 0.43333333333333335 0.10416666666666667 0.125
17 0.22864583333333333 0.7527777777777778 0.078125 0.10277777777777777
107 0.203125 0.6486111111111111 0.08958333333333333 0.1
17 0.18489583333333334 0.5291666666666667 0.08229166666666667 0.10555555555555556
107 0.19114583333333332 0.41458333333333336 0.08020833333333334 0.10972222222222222
107 0.25364583333333335 0.5631944444444444 0.10729166666666666 0.12638888888888888
17 0.30364583333333334 0.20833333333333334 0.08854166666666667 0.1111111111111111
107 0.2755208333333333 0.3090277777777778 0.103125 0.12083333333333333
107 0.24166666666666667 0.21180555555555555 0.06458333333333334 0.09027777777777778
