35 0.10885416666666667 0.4270833333333333 0.051041666666666666 0.12083333333333333
35 0.12291666666666666 0.5548611111111111 0.07708333333333334 0.14305555555555555
0 0.35572916666666665 0.3215277777777778 0.159375 0.20972222222222223
35 0.23385416666666667 0.19722222222222222 0.11354166666666667 0.15833333333333333
0 0.3109375 0.5402777777777777 0.15104166666666666 0.21388888888888888
35 0.18333333333333332 0.39444444444444443 0.10416666666666667 0.19444444444444445
0 0.3328125 0.7388888888888889 0.134375 0.17777777777777778
0 0.296875 0.8305555555555556 0.09791666666666667 0.11388888888888889
35 0.13697916666666668 0.30277777777777776 0.071875 0.1361111111111111
35 0.1890625 0.14444444444444443 0.06354166666666666 0.08611111111111111
35 0.15208333333333332 0.21944444444444444 0.06041666666666667 0.08611111111111111
35 0.2609375 0.1 0.090625 0.09166666666666666
