101 0.6557291666666667 0.5548611111111111 0.128125 0.15416666666666667
59 0.8328125 0.7111111111111111 0.078125 0.11388888888888889
56 0.7140625 0.8131944444444444 0.103125 0.12916666666666668
101 0.615625 0.8201388888888889 0.09166666666666666 0.11805555555555555
101 0.63125 0.7090277777777778 0.11666666666666667 0.15138888888888888
101 0.6473958333333333 0.3875 0.12604166666666666 0.1638888888888889
56 0.7765625 0.5430555555555555 0.134375 0.15
59 0.8619791666666666 0.5659722222222222 0.084375 0.12916666666666668
59 0.7958333333333333 0.8145833333333333 0.07291666666666667 0.09305555555555556
56 0.7463541666666667 0.6986111111111111 0.12395833333333334 0.15555555555555556
