105 0.7484375 0.34375 0.06145833333333333 0.10138888888888889
105 0.25 0.2298611111111111 0.058333333333333334 0.06805555555555555
69 0.303125 0.20972222222222223 0.075 0.07222222222222222
105 0.22447916666666667 0.33819444444444446 0.065625 0.10138888888888889
105 0.7364583333333333 0.2791666666666667 0.058333333333333334 0.07222222222222222
105 0.7171875 0.22916666666666666 0.06354166666666666 0.075
69 0.6572916666666667 0.20972222222222223 0.07708333333333334 0.06666666666666667
69 0.6729166666666667 0.26875 0.0875 0.09861111111111111
105 0.23489583333333333 0.275 0.057291666666666664 0.075
69 0.28958333333333336 0.2638888888888889 0.07916666666666666 0.10277777777777777
