0 0.5083333333333333 0.20277777777777778 0.07916666666666666 0.08888888888888889
0 0.5927083333333333 0.20833333333333334 0.07708333333333334 0.08888888888888889
0 0.740625 0.7111111111111111 0.058333333333333334 0.08611111111111111
0 0.43125 0.7465277777777778 0.08125 0.09027777777777778
0 0.2515625 0.46111111111111114 0.059375 0.1
0 0.7661458333333333 0.5541666666666667 0.057291666666666664 0.1
0 0.7359375 0.23958333333333334 0.057291666666666664 0.0875
0 0.6666666666666666 0.22430555555555556 0.06875 0.08472222222222223
0 0.7619791666666667 0.38333333333333336 0.059375 0.1
0 0.28854166666666664 0.2375 0.058333333333333334 0.08611111111111111
0 0.5177083333333333 0.7493055555555556 0.08125 0.09027777777777778
0 0.28541666666666665 0.7145833333333333 0.06041666666666667 0.08472222222222223
0 0.3536458333333333 0.7263888888888889 0.06979166666666667 0.08888888888888889
0 0.425 0.20972222222222223 0.07916666666666666 0.08888888888888889
0 0.6020833333333333 0.7416666666666667 0.07916666666666666 0.09166666666666666
