29 0.21927083333333333 0.5708333333333333 0.090625 0.1638888888888889
28 0.5854166666666667 0.6305555555555555 0.11041666666666666 0.2611111111111111
3 0.43854166666666666 0.6270833333333333 0.15208333333333332 0.24305555555555555
4 0.7723958333333333 0.4326388888888889 0.06770833333333333 0.19027777777777777
28 0.5807291666666666 0.38263888888888886 0.11979166666666667 0.2375
29 0.24947916666666667 0.7361111111111112 0.109375 0.15
3 0.45364583333333336 0.8159722222222222 0.11979166666666667 0.1763888888888889
3 0.4401041666666667 0.19375 0.11145833333333334 0.1763888888888889
4 0.740625 0.7826388888888889 0.08125 0.14305555555555555
4 0.7484375 0.2638888888888889 0.078125 0.15833333333333333
28 0.5713541666666667 0.8138888888888889 0.103125 0.16944444444444445
29 0.221875 0.4013888888888889 0.09791666666666667 0.16666666666666666
4 0.7723958333333333 0.625 0.07604166666666666 0.17777777777777778
28 0.5666666666666667 0.2152777777777778 0.12083333333333333 0.16666666666666666
29 0.25104166666666666 0.2513888888888889 0.11041666666666666 0.1388888888888889
3 0.434375 0.38263888888888886 0.14166666666666666 0.24027777777777778
