35 0.8447916666666667 0.7381944444444445 0.05625 0.1125
6 0.24791666666666667 0.725 0.09791666666666667 0.14166666666666666
72 0.7791666666666667 0.7854166666666667 0.09375 0.12916666666666668
35 0.8713541666666667 0.6208333333333333 0.051041666666666666 0.12777777777777777
71 0.15885416666666666 0.2673611111111111 0.071875 0.10694444444444444
41 0.428125 0.8090277777777778 0.14583333333333334 0.14583333333333334
71 0.1328125 0.5173611111111112 0.071875 0.14305555555555555
35 0.8786458333333333 0.49027777777777776 0.04479166666666667 0.13055555555555556
71 0.16302083333333334 0.7576388888888889 0.06979166666666667 0.10972222222222222
71 0.13802083333333334 0.3770833333333333 0.071875 0.1375
41 0.4427083333333333 0.9104166666666667 0.11458333333333333 0.07916666666666666
6 0.2786458333333333 0.8361111111111111 0.08645833333333333 0.09166666666666666
41 0.4390625 0.19722222222222222 0.14479166666666668 0.14722222222222223
6 0.221875 0.40069444444444446 0.08958333333333333 0.15694444444444444
72 0.8083333333333333 0.6541666666666667 0.09375 0.15833333333333333
72 0.8052083333333333 0.3215277777777778 0.09166666666666666 0.15416666666666667
6 0.22083333333333333 0.5694444444444444 0.09166666666666666 0.16111111111111112
41 0.4239583333333333 0.38333333333333336 0.17916666666666667 0.2361111111111111
0 0.6458333333333334 0.21666666666666667 0.12916666666666668 0.14166666666666666
0 0.6546875 0.6166666666666667 0.15520833333333334 0.21666666666666667
71 0.13854166666666667 0.6479166666666667 0.07291666666666667 0.12361111111111112
0 0.6255208333333333 0.7986111111111112 0.134375 0.14722222222222223
35 0.8645833333333334 0.3416666666666667 0.052083333333333336 0.12777777777777777
0 0.5984375 0.9027777777777778 0.11145833333333334 0.08333333333333333
71 0.20052083333333334 0.8388888888888889 0.071875 0.08888888888888889
0 0.6526041666666667 0.3923611111111111 0.15520833333333334 0.21805555555555556
72 0.81875 0.4840277777777778 0.08958333333333333 0.17083333333333334
35 0.8067708333333333 0.8347222222222223 0.06145833333333333 0.08888888888888889
72 0.7359375 0.8770833333333333 0.08645833333333333 0.09305555555555556
41 0.41041666666666665 0.6208333333333333 0.17916666666666667 0.23055555555555557
72 0.76875 0.1951388888888889 0.08958333333333333 0.12083333333333333
