40 0.8244791666666667 0.3145833333333333 0.084375 0.10972222222222222
19 0.8015625 0.44305555555555554 0.10729166666666666 0.11666666666666667
19 0.221875 0.425 0.11041666666666666 0.11666666666666667
40 0.18385416666666668 0.5465277777777777 0.084375 0.11527777777777778
40 0.8380208333333333 0.5638888888888889 0.08229166666666667 0.11666666666666667
27 0.3151041666666667 0.7840277777777778 0.09270833333333334 0.12361111111111112
40 0.203125 0.29375 0.08333333333333333 0.10694444444444444
22 0.5125 0.2826388888888889 0.10416666666666667 0.17083333333333334
27 0.7088541666666667 0.7784722222222222 0.09479166666666666 0.12638888888888888
93 0.4 0.41388888888888886 0.12291666666666666 0.1388888888888889
22 0.5088541666666667 0.1597222222222222 0.090625 0.1361111111111111
40 0.20208333333333334 0.6708333333333333 0.07708333333333334 0.10277777777777777
