73 0.171875 0.6388888888888888 0.0625 0.08888888888888889
73 0.16510416666666666 0.54375 0.06979166666666667 0.09583333333333334
81 0.7875 0.7958333333333333 0.07083333333333333 0.13055555555555556
73 0.19427083333333334 0.7298611111111111 0.06354166666666666 0.0875
47 0.29583333333333334 0.22430555555555556 0.09375 0.1125
60 0.20364583333333333 0.8104166666666667 0.07604166666666666 0.10138888888888889
36 0.7197916666666667 0.33055555555555555 0.10625 0.15555555555555556
68 0.21666666666666667 0.2777777777777778 0.06875 0.125
41 0.2921875 0.8125 0.096875 0.12222222222222222
46 0.690625 0.20208333333333334 0.09375 0.10972222222222222
36 0.2708333333333333 0.3486111111111111 0.10208333333333333 0.15
81 0.8088541666666667 0.3034722222222222 0.084375 0.1597222222222222
81 0.8234375 0.4756944444444444 0.078125 0.19027777777777777
61 0.7171875 0.8541666666666666 0.103125 0.13055555555555556
68 0.19375 0.41458333333333336 0.06875 0.15416666666666667
0 0.24791666666666667 0.6666666666666666 0.1 0.1638888888888889
62 0.5505208333333333 0.725 0.18229166666666666 0.2777777777777778
81 0.8130208333333333 0.6534722222222222 0.08854166666666667 0.1763888888888889
