102 0.3328125 0.64375 0.13020833333333334 0.09305555555555556
102 0.5005208333333333 0.20833333333333334 0.165625 0.07777777777777778
102 0.35104166666666664 0.21736111111111112 0.11875 0.08472222222222223
102 0.65625 0.7284722222222222 0.11875 0.0875
102 0.3453125 0.7243055555555555 0.128125 0.09027777777777778
102 0.3567708333333333 0.7916666666666666 0.128125 0.09722222222222222
102 0.6494791666666667 0.23194444444444445 0.11354166666666667 0.08888888888888889
102 0.6703125 0.375 0.13645833333333332 0.10555555555555556
102 0.6744791666666666 0.4652777777777778 0.13229166666666667 0.10277777777777777
102 0.6630208333333333 0.2986111111111111 0.12395833333333334 0.08888888888888889
102 0.6770833333333334 0.5569444444444445 0.12291666666666666 0.09166666666666666
102 0.340625 0.28055555555555556 0.125 0.09166666666666666
102 0.5046875 0.47291666666666665 0.190625 0.11527777777777778
102 0.5052083333333334 0.6784722222222223 0.17916666666666667 0.09583333333333334
102 0.3302083333333333 0.35694444444444445 0.13125 0.09444444444444444
102 0.6432291666666666 0.79375 0.11770833333333333 0.08472222222222223
102 0.4979166666666667 0.3659722222222222 0.18333333333333332 0.10694444444444444
102 0.5083333333333333 0.7576388888888889 0.15833333333333333 0.0763888888888889
102 0.3260416666666667 0.44513888888888886 0.12916666666666668 0.10416666666666667
102 0.5036458333333333 0.27708333333333335 0.17604166666666668 0.09027777777777778
102 0.6682291666666667 0.6493055555555556 0.12395833333333334 0.09305555555555556
102 0.5072916666666667 0.8138888888888889 0.15416666666666667 0.06666666666666667
102 0.32135416666666666 0.5479166666666667 0.13020833333333334 0.09861111111111111
102 0.50625 0.5798611111111112 0.18541666666666667 0.1125
