75 0.265625 0.5222222222222223 0.15 0.34444444444444444
94 0.3546875 0.7743055555555556 0.13854166666666667 0.15416666666666667
83 0.7411458333333333 0.23194444444444445 0.21770833333333334 0.26666666666666666
94 0.2635416666666667 0.7493055555555556 0.1 0.1625
83 0.28125 0.23125 0.2125 0.2708333333333333
83 0.49947916666666664 0.5659722222222222 0.34270833333333334 0.45416666666666666
75 0.7484375 0.525 0.171875 0.3416666666666667
75 0.515625 0.23055555555555557 0.2791666666666667 0.24444444444444444
94 0.75 0.7631944444444444 0.10625 0.15138888888888888
94 0.6489583333333333 0.7763888888888889 0.14166666666666666 0.14722222222222223
94 0.4947916666666667 0.8284722222222223 0.16458333333333333 0.09305555555555556
