15 0.7364583333333333 0.6034722222222222 0.11875 0.1375
11 0.7598958333333333 0.80625 0.06770833333333333 0.09305555555555556
15 0.24427083333333333 0.4534722222222222 0.115625 0.14027777777777778
11 0.7942708333333334 0.7048611111111112 0.08229166666666667 0.09861111111111111
20 0.3796875 0.8805555555555555 0.090625 0.11388888888888889
14 0.8307291666666666 0.5902777777777778 0.07604166666666666 0.11944444444444445
14 0.16041666666666668 0.5743055555555555 0.07291666666666667 0.11805555555555555
20 0.3255208333333333 0.6152777777777778 0.146875 0.18055555555555555
20 0.6151041666666667 0.7902777777777777 0.12395833333333334 0.16666666666666666
20 0.5817708333333333 0.8895833333333333 0.090625 0.12083333333333333
11 0.1984375 0.6930555555555555 0.078125 0.09722222222222222
15 0.69375 0.8416666666666667 0.07708333333333334 0.10277777777777777
11 0.22395833333333334 0.7875 0.06666666666666667 0.09166666666666666
15 0.2682291666666667 0.7402777777777778 0.08854166666666667 0.11666666666666667
14 0.17864583333333334 0.32569444444444445 0.07604166666666666 0.10972222222222222
14 0.159375 0.44722222222222224 0.075 0.12222222222222222
20 0.35208333333333336 0.7805555555555556 0.11875 0.15833333333333333
15 0.24375 0.5958333333333333 0.1 0.13055555555555556
15 0.7130208333333333 0.7402777777777778 0.09895833333333333 0.1361111111111111
16 0.484375 0.8381944444444445 0.08541666666666667 0.12361111111111112
15 0.2875 0.8319444444444445 0.06666666666666667 0.10555555555555556
