102 0.5651041666666666 0.6666666666666666 0.09895833333333333 0.044444444444444446
102 0.3880208333333333 0.6777777777777778 0.096875 0.03611111111111111
102 0.3828125 0.6354166666666666 0.09479166666666666 0.043055555555555555
102 0.5604166666666667 0.37569444444444444 0.09791666666666667 0.04861111111111111
102 0.378125 0.5979166666666667 0.10208333333333333 0.04861111111111111
102 0.5744791666666667 0.47847222222222224 0.10104166666666667 0.05416666666666667
102 0.3802083333333333 0.5486111111111112 0.1 0.05277777777777778
102 0.3796875 0.4423611111111111 0.10104166666666667 0.04861111111111111
102 0.39114583333333336 0.7152777777777778 0.090625 0.05
102 0.5744791666666667 0.5305555555555556 0.103125 0.05555555555555555
102 0.5723958333333333 0.4284722222222222 0.10729166666666666 0.043055555555555555
102 0.38125 0.39375 0.1 0.05138888888888889
102 0.5734375 0.5826388888888889 0.09895833333333333 0.043055555555555555
102 0.5666666666666667 0.7125 0.09791666666666667 0.044444444444444446
102 0.56875 0.6263888888888889 0.10208333333333333 0.044444444444444446
102 0.37447916666666664 0.49583333333333335 0.10104166666666667 0.05555555555555555
