21 0.20416666666666666 0.5833333333333334 0.10208333333333333 0.12222222222222222
39 0.8307291666666666 0.6618055555555555 0.07604166666666666 0.10972222222222222
36 0.3020833333333333 0.6979166666666666 0.06875 0.09027777777777778
15 0.696875 0.17847222222222223 0.08958333333333333 0.1125
21 0.2421875 0.2 0.090625 0.1111111111111111
39 0.7578125 0.6805555555555556 0.109375 0.14722222222222223
39 0.7963541666666667 0.7743055555555556 0.06770833333333333 0.0875
21 0.19427083333333334 0.44513888888888886 0.09479166666666666 0.11805555555555555
32 0.35833333333333334 0.3 0.12708333333333333 0.18055555555555555
22 0.5994791666666667 0.7826388888888889 0.096875 0.13194444444444445
39 0.7276041666666667 0.7923611111111111 0.096875 0.10972222222222222
15 0.7760416666666666 0.2013888888888889 0.07916666666666666 0.09722222222222222
15 0.7166666666666667 0.28125 0.10625 0.14027777777777778
15 0.8015625 0.30069444444444443 0.084375 0.10694444444444444
21 0.21614583333333334 0.30833333333333335 0.103125 0.12222222222222222
