36 0.296875 0.33958333333333335 0.06458333333333334 0.09305555555555556
36 0.7213541666666666 0.7347222222222223 0.06354166666666666 0.09166666666666666
36 0.7270833333333333 0.33055555555555555 0.06041666666666667 0.09722222222222222
36 0.6609375 0.3111111111111111 0.07604166666666666 0.1
36 0.5270833333333333 0.30277777777777776 0.08125 0.125
36 0.4390625 0.3055555555555556 0.08229166666666667 0.11666666666666667
36 0.525 0.7791666666666667 0.07708333333333334 0.1111111111111111
36 0.28072916666666664 0.5291666666666667 0.06145833333333333 0.09444444444444444
36 0.37135416666666665 0.7645833333333333 0.071875 0.10138888888888889
36 0.30416666666666664 0.7263888888888889 0.06458333333333334 0.09444444444444444
36 0.7401041666666667 0.6180555555555556 0.06354166666666666 0.09722222222222222
36 0.603125 0.7770833333333333 0.075 0.09583333333333334
36 0.44114583333333335 0.7791666666666667 0.078125 0.09722222222222222
36 0.7442708333333333 0.48194444444444445 0.06145833333333333 0.09444444444444444
