22 0.8046875 0.5006944444444444 0.08854166666666667 0.1125
22 0.50625 0.7881944444444444 0.09166666666666666 0.14027777777777778
19 0.5026041666666666 0.15763888888888888 0.09270833333333334 0.1625
22 0.6010416666666667 0.16875 0.09375 0.13472222222222222
19 0.40625 0.17222222222222222 0.1 0.15555555555555556
22 0.6072916666666667 0.7798611111111111 0.09375 0.1375
22 0.7635416666666667 0.7368055555555556 0.08125 0.1125
22 0.7614583333333333 0.2125 0.07708333333333334 0.10833333333333334
19 0.21927083333333333 0.4638888888888889 0.109375 0.1111111111111111
22 0.684375 0.1951388888888889 0.08958333333333333 0.12361111111111112
19 0.259375 0.21736111111111112 0.08958333333333333 0.12083333333333333
19 0.3255208333333333 0.7493055555555556 0.09895833333333333 0.1375
19 0.25885416666666666 0.7416666666666667 0.08020833333333334 0.12222222222222222
19 0.4083333333333333 0.7798611111111111 0.1 0.15694444444444444
