41 0.15833333333333333 0.5006944444444444 0.06041666666666667 0.13194444444444445
41 0.7885416666666667 0.8097222222222222 0.06458333333333334 0.10277777777777777
41 0.7130208333333333 0.8361111111111111 0.08645833333333333 0.11388888888888889
41 0.421875 0.12152777777777778 0.11458333333333333 0.10694444444444444
41 0.6151041666666667 0.8847222222222222 0.11145833333333334 0.10277777777777777
41 0.46927083333333336 0.9013888888888889 0.115625 0.10555555555555556
41 0.7875 0.20694444444444443 0.06875 0.10555555555555556
41 0.21770833333333334 0.8104166666666667 0.06666666666666667 0.10138888888888889
41 0.5723958333333333 0.11875 0.115625 0.10416666666666667
41 0.8458333333333333 0.5097222222222222 0.058333333333333334 0.13055555555555556
41 0.29375 0.17430555555555555 0.08958333333333333 0.1125
41 0.21354166666666666 0.2111111111111111 0.06458333333333334 0.10277777777777777
