102 0.6307291666666667 0.40694444444444444 0.10520833333333333 0.058333333333333334
102 0.3859375 0.49444444444444446 0.11145833333333334 0.06111111111111111
102 0.6338541666666667 0.5333333333333333 0.09895833333333333 0.07222222222222222
102 0.38125 0.43125 0.10208333333333333 0.059722222222222225
102 0.5119791666666667 0.6104166666666667 0.12395833333333334 0.06805555555555555
102 0.5098958333333333 0.7263888888888889 0.11354166666666667 0.06944444444444445
102 0.5098958333333333 0.33958333333333335 0.11979166666666667 0.07361111111111111
102 0.38177083333333334 0.5506944444444445 0.10729166666666666 0.07083333333333333
102 0.6166666666666667 0.7180555555555556 0.09375 0.07777777777777778
102 0.6260416666666667 0.3486111111111111 0.10416666666666667 0.06388888888888888
102 0.3890625 0.60625 0.11354166666666667 0.06527777777777778
102 0.6296875 0.46597222222222223 0.09479166666666666 0.07083333333333333
102 0.38645833333333335 0.3527777777777778 0.09791666666666667 0.08611111111111111
102 0.5125 0.5479166666666667 0.12916666666666668 0.0763888888888889
102 0.5104166666666666 0.48055555555555557 0.12291666666666666 0.07777777777777778
102 0.39739583333333334 0.7194444444444444 0.09895833333333333 0.06111111111111111
102 0.39375 0.6652777777777777 0.10208333333333333 0.06388888888888888
102 0.6145833333333334 0.28194444444444444 0.09375 0.06666666666666667
102 0.3921875 0.2972222222222222 0.09895833333333333 0.07222222222222222
102 0.5119791666666667 0.6673611111111111 0.11979166666666667 0.06527777777777778
102 0.5067708333333333 0.28194444444444444 0.11354166666666667 0.06666666666666667
102 0.6265625 0.6618055555555555 0.09270833333333334 0.06527777777777778
102 0.5104166666666666 0.4083333333333333 0.12291666666666666 0.07777777777777778
102 0.6291666666666667 0.6020833333333333 0.09375 0.07361111111111111
