36 0.29635416666666664 0.47430555555555554 0.06770833333333333 0.12638888888888888
0 0.6578125 0.4173611111111111 0.13854166666666667 0.19305555555555556
65 0.6828125 0.2972222222222222 0.11354166666666667 0.11944444444444445
34 0.3171875 0.2833333333333333 0.078125 0.08333333333333333
71 0.778125 0.7652777777777777 0.07083333333333333 0.1
72 0.8192708333333333 0.6673611111111111 0.053125 0.09861111111111111
41 0.5432291666666667 0.17777777777777778 0.109375 0.08888888888888889
41 0.8104166666666667 0.5534722222222223 0.04791666666666667 0.09583333333333334
68 0.5046875 0.7909722222222222 0.11770833333333333 0.10416666666666667
37 0.6276041666666666 0.7743055555555556 0.109375 0.1125
5 0.8041666666666667 0.33958333333333335 0.09375 0.1125
76 0.6989583333333333 0.7763888888888889 0.08333333333333333 0.11388888888888889
62 0.3375 0.2013888888888889 0.0875 0.1
35 0.2598958333333333 0.24791666666666667 0.06354166666666666 0.09583333333333334
63 0.40260416666666665 0.23472222222222222 0.10520833333333333 0.125
46 0.3875 0.6180555555555556 0.1125 0.1527777777777778
60 0.7802083333333333 0.5097222222222222 0.09791666666666667 0.10555555555555556
82 0.36666666666666664 0.47638888888888886 0.08958333333333333 0.13333333333333333
33 0.5265625 0.28402777777777777 0.153125 0.12083333333333333
54 0.2760416666666667 0.7791666666666667 0.052083333333333336 0.08055555555555556
64 0.24270833333333333 0.4236111111111111 0.04791666666666667 0.08888888888888889
67 0.36041666666666666 0.8097222222222222 0.12083333333333333 0.1361111111111111
6 0.6510416666666666 0.6319444444444444 0.13541666666666666 0.18611111111111112
34 0.309375 0.35833333333333334 0.09375 0.10833333333333334
64 0.2526041666666667 0.3423611111111111 0.046875 0.08472222222222223
1 0.290625 0.6243055555555556 0.07708333333333334 0.1375
5 0.7734375 0.24930555555555556 0.084375 0.09861111111111111
61 0.2421875 0.7041666666666667 0.053125 0.08055555555555556
54 0.21458333333333332 0.51875 0.04375 0.10694444444444444
66 0.6760416666666667 0.2152777777777778 0.09583333333333334 0.09166666666666666
73 0.5260416666666666 0.625 0.09375 0.15833333333333333
61 0.22239583333333332 0.6277777777777778 0.051041666666666666 0.09722222222222222
