23 0.20104166666666667 0.29305555555555557 0.07708333333333334 0.10555555555555556
20 0.675 0.6645833333333333 0.13541666666666666 0.1763888888888889
22 0.4041666666666667 0.2638888888888889 0.1125 0.15
11 0.26979166666666665 0.5986111111111111 0.11041666666666666 0.1361111111111111
25 0.2328125 0.7715277777777778 0.065625 0.09861111111111111
19 0.5125 0.37569444444444444 0.11666666666666667 0.1763888888888889
27 0.8390625 0.5638888888888889 0.06979166666666667 0.10833333333333334
24 0.4005208333333333 0.6895833333333333 0.11145833333333334 0.14583333333333334
20 0.665625 0.2798611111111111 0.13541666666666666 0.1763888888888889
10 0.7645833333333333 0.6840277777777778 0.0875 0.12361111111111112
40 0.6859375 0.45902777777777776 0.14479166666666668 0.1625
19 0.5145833333333333 0.7138888888888889 0.1125 0.18055555555555555
93 0.5125 0.1375 0.08125 0.1111111111111111
10 0.7520833333333333 0.25763888888888886 0.08333333333333333 0.14027777777777778
11 0.26666666666666666 0.45 0.11458333333333333 0.14166666666666666
93 0.5223958333333333 0.22916666666666666 0.09479166666666666 0.15
10 0.71875 0.1527777777777778 0.08125 0.1111111111111111
10 0.7234375 0.7909722222222222 0.09270833333333334 0.1125
23 0.23229166666666667 0.1909722222222222 0.07291666666666667 0.09861111111111111
23 0.8427083333333333 0.44722222222222224 0.08333333333333333 0.10277777777777777
23 0.8223958333333333 0.31527777777777777 0.08645833333333333 0.1
22 0.41822916666666665 0.16319444444444445 0.09270833333333334 0.12083333333333333
19 0.4984375 0.8097222222222222 0.090625 0.125
27 0.8192708333333333 0.6798611111111111 0.06354166666666666 0.09861111111111111
24 0.38333333333333336 0.5506944444444445 0.12708333333333333 0.14305555555555555
11 0.3072916666666667 0.18888888888888888 0.09166666666666666 0.11944444444444445
10 0.7598958333333333 0.5548611111111111 0.121875 0.12361111111111112
24 0.40677083333333336 0.7895833333333333 0.090625 0.11527777777777778
24 0.38645833333333335 0.40555555555555556 0.12916666666666668 0.14444444444444443
11 0.2984375 0.7486111111111111 0.09270833333333334 0.125
20 0.6354166666666666 0.14166666666666666 0.10416666666666667 0.14166666666666666
11 0.2760416666666667 0.30625 0.10625 0.13194444444444445
10 0.7661458333333333 0.39305555555555555 0.11979166666666667 0.12222222222222222
20 0.63125 0.8236111111111111 0.10208333333333333 0.1388888888888889
25 0.17916666666666667 0.5444444444444444 0.08333333333333333 0.11388888888888889
27 0.7901041666666667 0.7680555555555556 0.065625 0.08333333333333333
19 0.5083333333333333 0.5520833333333334 0.11666666666666667 0.16527777777777777
23 0.18854166666666666 0.4097222222222222 0.09166666666666666 0.11388888888888889
23 0.7973958333333333 0.21319444444444444 0.06979166666666667 0.09861111111111111
25 0.203125 0.6708333333333333 0.08333333333333333 0.10277777777777777
