102 0.6578125 0.20833333333333334 0.12604166666666666 0.09166666666666666
102 0.35885416666666664 0.8027777777777778 0.12395833333333334 0.08888888888888889
102 0.32864583333333336 0.6243055555555556 0.12604166666666666 0.09305555555555556
102 0.6682291666666667 0.2798611111111111 0.11979166666666667 0.09305555555555556
102 0.5036458333333333 0.24861111111111112 0.184375 0.07777777777777778
102 0.6848958333333334 0.5506944444444445 0.11979166666666667 0.09027777777777778
102 0.6911458333333333 0.4583333333333333 0.12604166666666666 0.09444444444444444
102 0.6635416666666667 0.7291666666666666 0.11458333333333333 0.08055555555555556
102 0.31927083333333334 0.4270833333333333 0.12604166666666666 0.09861111111111111
102 0.5010416666666667 0.33541666666666664 0.2 0.10138888888888889
102 0.5067708333333333 0.8159722222222222 0.16145833333333334 0.06527777777777778
102 0.3390625 0.7256944444444444 0.13020833333333334 0.09861111111111111
102 0.6833333333333333 0.6486111111111111 0.14791666666666667 0.08888888888888889
102 0.3390625 0.2590277777777778 0.12395833333333334 0.0875
102 0.5041666666666667 0.6659722222222222 0.2 0.10138888888888889
102 0.3494791666666667 0.20208333333333334 0.12604166666666666 0.08194444444444444
102 0.3338541666666667 0.33819444444444446 0.13645833333333332 0.0875
102 0.49583333333333335 0.4583333333333333 0.20416666666666666 0.10833333333333334
102 0.6807291666666667 0.3548611111111111 0.13020833333333334 0.10416666666666667
102 0.6520833333333333 0.7944444444444444 0.12916666666666668 0.08055555555555556
102 0.5067708333333333 0.5638888888888889 0.21770833333333334 0.10555555555555556
102 0.503125 0.18333333333333332 0.17708333333333334 0.06388888888888888
102 0.5072916666666667 0.7493055555555556 0.17708333333333334 0.07916666666666666
102 0.31614583333333335 0.5256944444444445 0.13229166666666667 0.09583333333333334
