47 0.19791666666666666 0.38125 0.06666666666666667 0.12638888888888888
47 0.8296875 0.4951388888888889 0.06354166666666666 0.12638888888888888
47 0.7885416666666667 0.7472222222222222 0.07291666666666667 0.1111111111111111
47 0.5916666666666667 0.14375 0.10833333333333334 0.1125
47 0.4354166666666667 0.14444444444444443 0.11041666666666666 0.11388888888888889
47 0.19375 0.6006944444444444 0.06458333333333334 0.12361111111111112
47 0.446875 0.8298611111111112 0.1125 0.11805555555555555
47 0.24166666666666667 0.20208333333333334 0.06875 0.10694444444444444
47 0.7 0.7895833333333333 0.09375 0.11805555555555555
47 0.3203125 0.18125 0.09270833333333334 0.1125
47 0.5947916666666667 0.8277777777777777 0.11458333333333333 0.11666666666666667
47 0.240625 0.7784722222222222 0.06666666666666667 0.09861111111111111
47 0.7796875 0.19930555555555557 0.065625 0.10138888888888889
