34 0.7651041666666667 0.4826388888888889 0.051041666666666666 0.10138888888888889
34 0.5125 0.7430555555555556 0.08541666666666667 0.08333333333333333
34 0.42604166666666665 0.7375 0.08333333333333333 0.08888888888888889
34 0.7385416666666667 0.7083333333333334 0.0625 0.1
34 0.7380208333333333 0.25416666666666665 0.053125 0.1
34 0.425 0.21388888888888888 0.08333333333333333 0.08055555555555556
34 0.5125 0.20972222222222223 0.08541666666666667 0.08055555555555556
34 0.29010416666666666 0.7208333333333333 0.065625 0.08611111111111111
34 0.3453125 0.7125 0.07604166666666666 0.09166666666666666
34 0.2640625 0.39305555555555555 0.06770833333333333 0.07777777777777778
34 0.2947916666666667 0.23472222222222222 0.07083333333333333 0.09166666666666666
34 0.6510416666666666 0.23055555555555557 0.0625 0.10555555555555556
34 0.596875 0.7368055555555556 0.08541666666666667 0.08472222222222223
34 0.26510416666666664 0.5784722222222223 0.06770833333333333 0.0875
