45 0.4395833333333333 0.525 0.1125 0.12777777777777777
45 0.628125 0.26319444444444445 0.08958333333333333 0.1125
45 0.2921875 0.28680555555555554 0.06354166666666666 0.09583333333333334
45 0.44166666666666665 0.7076388888888889 0.10416666666666667 0.10972222222222222
45 0.5927083333333333 0.6979166666666666 0.1 0.12361111111111112
45 0.2546875 0.5354166666666667 0.06354166666666666 0.07361111111111111
45 0.4375 0.24722222222222223 0.0875 0.09444444444444444
45 0.33958333333333335 0.28125 0.06875 0.10694444444444444
45 0.5598958333333334 0.8256944444444444 0.059375 0.10138888888888889
45 0.3729166666666667 0.8138888888888889 0.08125 0.08888888888888889
45 0.5333333333333333 0.24861111111111112 0.06041666666666667 0.10833333333333334
45 0.7442708333333333 0.7722222222222223 0.06145833333333333 0.08611111111111111
45 0.775 0.5673611111111111 0.06458333333333334 0.0763888888888889
45 0.7505208333333333 0.2951388888888889 0.059375 0.0875
45 0.6984375 0.28194444444444444 0.059375 0.10277777777777777
45 0.53125 0.6034722222222222 0.10416666666666667 0.10138888888888889
45 0.6265625 0.5347222222222222 0.10520833333333333 0.15
45 0.296875 0.7701388888888889 0.06875 0.10138888888888889
45 0.45364583333333336 0.8333333333333334 0.08229166666666667 0.08333333333333333
45 0.634375 0.8201388888888889 0.08125 0.09027777777777778
45 0.7052083333333333 0.7777777777777778 0.06875 0.09722222222222222
