14 0.71875 0.7145833333333333 0.10625 0.1375
13 0.8510416666666667 0.5638888888888889 0.08541666666666667 0.10555555555555556
15 0.6083333333333333 0.24444444444444444 0.11666666666666667 0.16111111111111112
15 0.5994791666666667 0.7458333333333333 0.121875 0.175
13 0.7901041666666667 0.7895833333333333 0.090625 0.10694444444444444
15 0.6203125 0.4048611111111111 0.14479166666666668 0.1736111111111111
16 0.4765625 0.4166666666666667 0.109375 0.15555555555555556
17 0.3416666666666667 0.4479166666666667 0.13541666666666666 0.15416666666666667
16 0.4817708333333333 0.7236111111111111 0.10104166666666667 0.14722222222222223
9 0.25416666666666665 0.29444444444444445 0.09375 0.13055555555555556
13 0.8307291666666666 0.6854166666666667 0.084375 0.1125
18 0.20104166666666667 0.7027777777777777 0.07916666666666666 0.11388888888888889
14 0.7203125 0.275 0.09895833333333333 0.13055555555555556
14 0.7484375 0.41944444444444445 0.109375 0.14166666666666666
18 0.1890625 0.3236111111111111 0.07395833333333333 0.1
18 0.22864583333333333 0.8006944444444445 0.06979166666666667 0.09305555555555556
14 0.7526041666666666 0.5666666666666667 0.109375 0.14166666666666666
18 0.21927083333333333 0.22361111111111112 0.07395833333333333 0.08333333333333333
17 0.3484375 0.6131944444444445 0.134375 0.1597222222222222
16 0.478125 0.5770833333333333 0.11041666666666666 0.15416666666666667
13 0.8171875 0.28680555555555554 0.084375 0.10972222222222222
9 0.26875 0.7131944444444445 0.10208333333333333 0.1486111111111111
15 0.6125 0.5791666666666667 0.15208333333333332 0.16944444444444445
17 0.3411458333333333 0.2951388888888889 0.115625 0.15138888888888888
13 0.84375 0.4166666666666667 0.0875 0.11388888888888889
18 0.1765625 0.4583333333333333 0.084375 0.1111111111111111
17 0.36875 0.7569444444444444 0.1125 0.1527777777777778
9 0.29010416666666666 0.8201388888888889 0.08229166666666667 0.10972222222222222
15 0.5770833333333333 0.8597222222222223 0.09583333333333334 0.13055555555555556
16 0.48020833333333335 0.2763888888888889 0.1 0.14722222222222223
17 0.3765625 0.85 0.090625 0.10833333333333334
14 0.690625 0.8229166666666666 0.08958333333333333 0.1125
9 0.24166666666666667 0.43194444444444446 0.10625 0.1388888888888889
16 0.48385416666666664 0.8270833333333333 0.08854166666666667 0.1125
18 0.17604166666666668 0.5770833333333333 0.07708333333333334 0.11805555555555555
9 0.24635416666666668 0.5722222222222222 0.11354166666666667 0.1361111111111111
