0 0.30572916666666666 0.14375 0.090625 0.1125
0 0.6078125 0.8604166666666667 0.115625 0.1125
0 0.8416666666666667 0.6215277777777778 0.06666666666666667 0.13194444444444445
0 0.29739583333333336 0.8111111111111111 0.08645833333333333 0.10833333333333334
0 0.44479166666666664 0.09166666666666666 0.11875 0.10277777777777777
0 0.7932291666666667 0.4895833333333333 0.08645833333333333 0.16805555555555557
0 0.4395833333333333 0.8694444444444445 0.11875 0.10833333333333334
0 0.4036458333333333 0.46319444444444446 0.178125 0.24027777777777778
0 0.6494791666666667 0.4861111111111111 0.17395833333333333 0.2361111111111111
0 0.23541666666666666 0.4625 0.0875 0.16944444444444445
0 0.7307291666666667 0.8041666666666667 0.090625 0.11388888888888889
0 0.6088541666666667 0.10208333333333333 0.115625 0.10694444444444444
0 0.7385416666666667 0.15555555555555556 0.08333333333333333 0.1111111111111111
0 0.18229166666666666 0.3229166666666667 0.06458333333333334 0.12638888888888888
