102 0.5703125 0.3423611111111111 0.096875 0.05138888888888889
102 0.3770833333333333 0.6645833333333333 0.09583333333333334 0.043055555555555555
102 0.37864583333333335 0.35694444444444445 0.10104166666666667 0.058333333333333334
102 0.3734375 0.46111111111111114 0.096875 0.04722222222222222
102 0.3848958333333333 0.7048611111111112 0.08020833333333334 0.04583333333333333
102 0.5697916666666667 0.5097222222222222 0.09583333333333334 0.05555555555555555
102 0.5625 0.7034722222222223 0.0875 0.04861111111111111
102 0.38177083333333334 0.6201388888888889 0.09479166666666666 0.04583333333333333
102 0.5760416666666667 0.5638888888888889 0.1 0.06111111111111111
102 0.3671875 0.5138888888888888 0.09895833333333333 0.06111111111111111
102 0.37083333333333335 0.5708333333333333 0.1 0.05277777777777778
102 0.5703125 0.39375 0.090625 0.05138888888888889
102 0.5692708333333333 0.45625 0.09895833333333333 0.06527777777777778
102 0.5760416666666667 0.6159722222222223 0.09791666666666667 0.05138888888888889
102 0.5651041666666666 0.6597222222222222 0.090625 0.041666666666666664
102 0.37552083333333336 0.41180555555555554 0.090625 0.04583333333333333
