25 0.15989583333333332 0.49375 0.08229166666666667 0.12361111111111112
25 0.834375 0.5319444444444444 0.08125 0.11944444444444445
24 0.503125 0.31180555555555556 0.10833333333333334 0.1736111111111111
22 0.5078125 0.5805555555555556 0.11770833333333333 0.1638888888888889
27 0.2140625 0.24097222222222223 0.078125 0.10138888888888889
24 0.5041666666666667 0.19305555555555556 0.09583333333333334 0.13055555555555556
23 0.3875 0.16666666666666666 0.10833333333333334 0.15555555555555556
17 0.246875 0.5145833333333333 0.1125 0.12916666666666668
17 0.7401041666666667 0.5701388888888889 0.11354166666666667 0.12916666666666668
22 0.4005208333333333 0.8277777777777777 0.08854166666666667 0.13055555555555556
27 0.596875 0.8673611111111111 0.09166666666666666 0.12916666666666668
24 0.49270833333333336 0.8381944444444445 0.0875 0.13194444444444445
18 0.7145833333333333 0.2625 0.10833333333333334 0.14166666666666666
23 0.796875 0.27361111111111114 0.08125 0.10833333333333334
39 0.21666666666666667 0.7951388888888888 0.07916666666666666 0.10416666666666667
