98 0.43072916666666666 0.2847222222222222 0.16770833333333332 0.18611111111111112
88 0.6677083333333333 0.4097222222222222 0.1625 0.08055555555555556
88 0.6578125 0.33958333333333335 0.15104166666666666 0.06805555555555555
88 0.6630208333333333 0.5631944444444444 0.153125 0.07916666666666666
100 0.5458333333333333 0.5819444444444445 0.08541666666666667 0.11666666666666667
88 0.6557291666666667 0.27708333333333335 0.15104166666666666 0.07361111111111111
100 0.5526041666666667 0.4583333333333333 0.084375 0.12777777777777777
88 0.6734375 0.4875 0.16354166666666667 0.075
31 0.425 0.5111111111111111 0.18333333333333332 0.26666666666666666
88 0.6625 0.6375 0.16041666666666668 0.07777777777777778
100 0.5432291666666667 0.3416666666666667 0.08645833333333333 0.10833333333333334
100 0.5453125 0.24791666666666667 0.07395833333333333 0.0875
