33 0.3 0.7486111111111111 0.06875 0.08611111111111111
33 0.4557291666666667 0.8069444444444445 0.084375 0.08055555555555556
33 0.7375 0.7423611111111111 0.058333333333333334 0.09583333333333334
33 0.27395833333333336 0.4861111111111111 0.075 0.07777777777777778
33 0.2911458333333333 0.31319444444444444 0.06979166666666667 0.08472222222222223
33 0.41458333333333336 0.2708333333333333 0.0875 0.08055555555555556
33 0.5151041666666667 0.2659722222222222 0.08854166666666667 0.07916666666666666
33 0.7614583333333333 0.5493055555555556 0.052083333333333336 0.10138888888888889
33 0.6729166666666667 0.30069444444444443 0.0625 0.10972222222222222
33 0.5744791666666667 0.79375 0.065625 0.09861111111111111
33 0.7432291666666667 0.3277777777777778 0.059375 0.10277777777777777
33 0.2760416666666667 0.6159722222222223 0.07291666666666667 0.08194444444444444
33 0.6567708333333333 0.7805555555555556 0.065625 0.1
33 0.36822916666666666 0.7902777777777777 0.078125 0.08055555555555556
