87 0.6046875 0.7701388888888889 0.13229166666666667 0.04861111111111111
84 0.3536458333333333 0.34930555555555554 0.115625 0.06527777777777778
84 0.3541666666666667 0.64375 0.1125 0.07083333333333333
84 0.36354166666666665 0.7291666666666666 0.10208333333333333 0.06666666666666667
87 0.61875 0.7305555555555555 0.125 0.06111111111111111
84 0.3572916666666667 0.6833333333333333 0.10416666666666667 0.05555555555555555
87 0.6125 0.31875 0.13333333333333333 0.08194444444444444
86 0.4640625 0.5069444444444444 0.16145833333333334 0.06666666666666667
85 0.6989583333333333 0.32222222222222224 0.0625 0.1
85 0.7052083333333333 0.41875 0.06666666666666667 0.11805555555555555
87 0.6223958333333334 0.6777777777777778 0.13229166666666667 0.08333333333333333
84 0.36041666666666666 0.30277777777777776 0.11041666666666666 0.05555555555555555
86 0.4744791666666667 0.4395833333333333 0.165625 0.06805555555555555
86 0.47239583333333335 0.5729166666666666 0.16354166666666667 0.06805555555555555
87 0.6052083333333333 0.25972222222222224 0.13125 0.06388888888888888
