17 0.634375 0.40694444444444444 0.13541666666666666 0.15555555555555556
17 0.6380208333333334 0.5673611111111111 0.13854166666666667 0.15138888888888888
26 0.36770833333333336 0.4097222222222222 0.14166666666666666 0.16666666666666666
22 0.5067708333333333 0.8229166666666666 0.08854166666666667 0.1125
40 0.16614583333333333 0.5763888888888888 0.08020833333333334 0.11388888888888889
21 0.2734375 0.6819444444444445 0.11354166666666667 0.14444444444444443
21 0.3046875 0.8034722222222223 0.09479166666666666 0.12916666666666668
22 0.5 0.4166666666666667 0.1125 0.15833333333333333
27 0.7463541666666667 0.5541666666666667 0.10104166666666667 0.12222222222222222
17 0.6052083333333333 0.21736111111111112 0.10416666666666667 0.15138888888888888
40 0.18802083333333333 0.6951388888888889 0.078125 0.10416666666666667
39 0.815625 0.6472222222222223 0.08333333333333333 0.1111111111111111
21 0.2838541666666667 0.2222222222222222 0.090625 0.12777777777777777
26 0.3692708333333333 0.5777777777777777 0.14270833333333333 0.16111111111111112
39 0.7989583333333333 0.2951388888888889 0.0875 0.10694444444444444
26 0.37604166666666666 0.25416666666666665 0.11875 0.16111111111111112
40 0.1625 0.4527777777777778 0.08125 0.11388888888888889
27 0.728125 0.6916666666666667 0.09791666666666667 0.13055555555555556
22 0.5046875 0.7201388888888889 0.103125 0.15138888888888888
39 0.83125 0.5277777777777778 0.08333333333333333 0.11666666666666667
21 0.25729166666666664 0.36180555555555555 0.11041666666666666 0.14305555555555555
40 0.18177083333333333 0.3298611111111111 0.08229166666666667 0.10694444444444444
27 0.7104166666666667 0.25555555555555554 0.09583333333333334 0.125
22 0.5010416666666667 0.5791666666666667 0.11041666666666666 0.15555555555555556
40 0.221875 0.7965277777777777 0.07083333333333333 0.09305555555555556
39 0.7734375 0.20416666666666666 0.07395833333333333 0.08888888888888889
27 0.6979166666666666 0.8020833333333334 0.07916666666666666 0.1125
26 0.41354166666666664 0.8465277777777778 0.08958333333333333 0.12916666666666668
22 0.4947916666666667 0.27291666666666664 0.10208333333333333 0.1486111111111111
26 0.390625 0.7381944444444445 0.11458333333333333 0.16805555555555557
39 0.8208333333333333 0.4097222222222222 0.08333333333333333 0.1111111111111111
17 0.6088541666666667 0.8340277777777778 0.09270833333333334 0.12083333333333333
21 0.2520833333333333 0.5194444444444445 0.11875 0.14444444444444443
27 0.7427083333333333 0.41388888888888886 0.1 0.12777777777777777
39 0.7765625 0.7618055555555555 0.08020833333333334 0.10416666666666667
40 0.20625 0.22708333333333333 0.07083333333333333 0.09305555555555556
17 0.6223958333333334 0.7347222222222223 0.11354166666666667 0.15833333333333333
