5 0.2838541666666667 0.1076388888888889 0.096875 0.14583333333333334
5 0.5770833333333333 0.9118055555555555 0.12291666666666666 0.1763888888888889
5 0.79375 0.8166666666666667 0.0875 0.125
5 0.8567708333333334 0.5333333333333333 0.115625 0.10833333333333334
5 0.18489583333333334 0.8076388888888889 0.09479166666666666 0.12916666666666668
5 0.17395833333333333 0.19722222222222222 0.08333333333333333 0.10555555555555556
5 0.4078125 0.0625 0.10104166666666667 0.125
5 0.8072916666666666 0.20555555555555555 0.08958333333333333 0.1111111111111111
5 0.4125 0.9111111111111111 0.125 0.17777777777777778
5 0.1234375 0.40694444444444444 0.10520833333333333 0.10277777777777777
5 0.5786458333333333 0.059722222222222225 0.09895833333333333 0.11944444444444445
