41 0.8494791666666667 0.4625 0.05520833333333333 0.13055555555555556
49 0.7427083333333333 0.32222222222222224 0.15833333333333333 0.2861111111111111
35 0.8671875 0.6013888888888889 0.06354166666666666 0.1361111111111111
49 0.5291666666666667 0.37916666666666665 0.35208333333333336 0.4361111111111111
6 0.7161458333333334 0.1625 0.08645833333333333 0.08611111111111111
49 0.5489583333333333 0.11180555555555556 0.23333333333333334 0.15694444444444444
79 0.5640625 0.7319444444444444 0.2677083333333333 0.2861111111111111
80 0.33645833333333336 0.18055555555555555 0.19375 0.20833333333333334
77 0.765625 0.6180555555555556 0.1375 0.3111111111111111
6 0.8322916666666667 0.3333333333333333 0.05416666666666667 0.12222222222222222
49 0.29635416666666664 0.5673611111111111 0.209375 0.3902777777777778
