20 0.17395833333333333 0.3506944444444444 0.07708333333333334 0.1125
20 0.20885416666666667 0.23333333333333334 0.078125 0.09722222222222222
11 0.7161458333333334 0.7298611111111111 0.103125 0.13194444444444445
9 0.7578125 0.4479166666666667 0.115625 0.14305555555555555
27 0.7572916666666667 0.8138888888888889 0.07291666666666667 0.09166666666666666
9 0.24895833333333334 0.32430555555555557 0.1125 0.1375
20 0.7822916666666667 0.22777777777777777 0.07708333333333334 0.09722222222222222
9 0.23072916666666668 0.46875 0.11354166666666667 0.14583333333333334
27 0.22447916666666667 0.7902777777777777 0.071875 0.09722222222222222
9 0.7364583333333333 0.3020833333333333 0.11458333333333333 0.14027777777777778
19 0.49375 0.20069444444444445 0.09791666666666667 0.1763888888888889
11 0.303125 0.8263888888888888 0.07916666666666666 0.1111111111111111
38 0.8458333333333333 0.6368055555555555 0.08125 0.12638888888888888
12 0.790625 0.6111111111111112 0.11875 0.14444444444444443
6 0.3880208333333333 0.4666666666666667 0.096875 0.125
20 0.8151041666666666 0.3375 0.078125 0.11388888888888889
11 0.6739583333333333 0.8347222222222223 0.08541666666666667 0.11388888888888889
11 0.2708333333333333 0.7201388888888889 0.1 0.13194444444444445
22 0.6 0.21180555555555555 0.10208333333333333 0.14027777777777778
24 0.3932291666666667 0.8222222222222222 0.09270833333333334 0.13055555555555556
