35 0.7291666666666666 0.8069444444444445 0.075 0.09166666666666666
45 0.47552083333333334 0.8875 0.103125 0.044444444444444446
5 0.8098958333333334 0.70625 0.06770833333333333 0.08472222222222223
67 0.2125 0.43125 0.058333333333333334 0.15694444444444444
5 0.8427083333333333 0.42916666666666664 0.05625 0.08333333333333333
67 0.7734375 0.42083333333333334 0.103125 0.2
5 0.7802083333333333 0.7805555555555556 0.05416666666666667 0.08333333333333333
5 0.8380208333333333 0.5722222222222222 0.06354166666666666 0.08333333333333333
61 0.3885416666666667 0.3770833333333333 0.16041666666666668 0.16805555555555557
44 0.35052083333333334 0.7736111111111111 0.10520833333333333 0.15555555555555556
47 0.553125 0.2590277777777778 0.11458333333333333 0.09861111111111111
67 0.22916666666666666 0.5930555555555556 0.07708333333333334 0.16666666666666666
45 0.4322916666666667 0.6159722222222223 0.175 0.1875
50 0.2796875 0.74375 0.09270833333333334 0.14583333333333334
45 0.44166666666666665 0.7659722222222223 0.15208333333333332 0.12916666666666668
45 0.4739583333333333 0.84375 0.11875 0.07083333333333333
63 0.5536458333333333 0.3951388888888889 0.159375 0.2013888888888889
54 0.753125 0.7166666666666667 0.07291666666666667 0.1111111111111111
54 0.23489583333333333 0.31527777777777777 0.053125 0.08611111111111111
61 0.39791666666666664 0.23541666666666666 0.12916666666666668 0.13194444444444445
72 0.41510416666666666 0.14791666666666667 0.11354166666666667 0.09305555555555556
53 0.778125 0.24861111111111112 0.0875 0.11944444444444445
44 0.6697916666666667 0.2659722222222222 0.11875 0.19027777777777777
71 0.26875 0.4326388888888889 0.08541666666666667 0.1875
71 0.7848958333333333 0.6 0.08229166666666667 0.1527777777777778
60 0.2640625 0.25277777777777777 0.06354166666666666 0.07777777777777778
