102 0.5046875 0.25416666666666665 0.16145833333333334 0.07777777777777778
102 0.35572916666666665 0.22013888888888888 0.11770833333333333 0.08194444444444444
102 0.6489583333333333 0.79375 0.12708333333333333 0.09027777777777778
102 0.50625 0.7381944444444445 0.17916666666666667 0.09027777777777778
102 0.6645833333333333 0.7361111111111112 0.14166666666666666 0.09166666666666666
102 0.6536458333333334 0.23333333333333334 0.13020833333333334 0.09166666666666666
102 0.5078125 0.3375 0.178125 0.1
102 0.6713541666666667 0.6652777777777777 0.13854166666666667 0.09444444444444444
102 0.3338541666666667 0.73125 0.13854166666666667 0.0875
102 0.32395833333333335 0.6604166666666667 0.13541666666666666 0.0875
102 0.5036458333333333 0.1909722222222222 0.15520833333333334 0.06527777777777778
102 0.6729166666666667 0.5798611111111112 0.14166666666666666 0.10416666666666667
102 0.32083333333333336 0.4638888888888889 0.13333333333333333 0.10833333333333334
102 0.5036458333333333 0.55 0.190625 0.11666666666666667
102 0.32447916666666665 0.55625 0.14270833333333333 0.11527777777777778
102 0.6645833333333333 0.3076388888888889 0.13541666666666666 0.10138888888888889
102 0.3572916666666667 0.7958333333333333 0.12708333333333333 0.08055555555555556
102 0.6802083333333333 0.4875 0.13541666666666666 0.1
102 0.5072916666666667 0.4444444444444444 0.18333333333333332 0.11666666666666667
102 0.3265625 0.36041666666666666 0.12395833333333334 0.10972222222222222
102 0.5041666666666667 0.6527777777777778 0.1875 0.1
102 0.6692708333333334 0.38958333333333334 0.14270833333333333 0.09583333333333334
102 0.5041666666666667 0.8104166666666667 0.14791666666666667 0.07916666666666666
102 0.340625 0.2972222222222222 0.1375 0.08055555555555556
