45 0.15677083333333333 0.5326388888888889 0.06979166666666667 0.10694444444444444
45 0.5703125 0.8652777777777778 0.13020833333333334 0.1111111111111111
45 0.21875 0.18194444444444444 0.08125 0.11944444444444445
45 0.4109375 0.10694444444444444 0.115625 0.1111111111111111
45 0.759375 0.17777777777777778 0.08333333333333333 0.1111111111111111
45 0.68125 0.8319444444444445 0.10208333333333333 0.125
45 0.30364583333333334 0.13541666666666666 0.10104166666666667 0.11527777777777778
45 0.771875 0.7979166666666667 0.07291666666666667 0.10138888888888889
45 0.4083333333333333 0.8618055555555556 0.12916666666666668 0.11805555555555555
45 0.815625 0.6333333333333333 0.07291666666666667 0.11666666666666667
45 0.8182291666666667 0.37222222222222223 0.07604166666666666 0.11944444444444445
45 0.20520833333333333 0.7972222222222223 0.08125 0.11666666666666667
45 0.5484375 0.10625 0.11770833333333333 0.1125
