3 0.5890625 0.5715277777777777 0.08645833333333333 0.14583333333333334
3 0.5828125 0.7097222222222223 0.078125 0.1388888888888889
28 0.5046875 0.5576388888888889 0.07395833333333333 0.16527777777777777
3 0.5901041666666667 0.2743055555555556 0.08229166666666667 0.13472222222222222
28 0.50625 0.6972222222222222 0.07083333333333333 0.15
29 0.31197916666666664 0.4076388888888889 0.059375 0.12916666666666668
28 0.5052083333333334 0.2534722222222222 0.075 0.15138888888888888
29 0.3234375 0.27152777777777776 0.05520833333333333 0.12916666666666668
4 0.6994791666666667 0.27152777777777776 0.08020833333333334 0.1125
29 0.31927083333333334 0.6708333333333333 0.057291666666666664 0.13055555555555556
3 0.5890625 0.41458333333333336 0.08020833333333334 0.16527777777777777
28 0.5026041666666666 0.3888888888888889 0.078125 0.16666666666666666
4 0.7161458333333334 0.5423611111111111 0.08020833333333334 0.14027777777777778
4 0.7067708333333333 0.6743055555555556 0.078125 0.12361111111111112
4 0.7130208333333333 0.3972222222222222 0.08020833333333334 0.14166666666666666
29 0.30885416666666665 0.5395833333333333 0.057291666666666664 0.13472222222222222
