5 0.74375 0.7263888888888889 0.08541666666666667 0.10833333333333334
5 0.2375 0.4756944444444444 0.08958333333333333 0.07916666666666666
5 0.49947916666666664 0.7659722222222223 0.065625 0.14305555555555555
5 0.28125 0.22777777777777777 0.08541666666666667 0.10555555555555556
5 0.7776041666666667 0.5770833333333333 0.096875 0.09583333333333334
5 0.2786458333333333 0.7229166666666667 0.090625 0.10972222222222222
5 0.37604166666666666 0.6534722222222222 0.09791666666666667 0.13472222222222222
5 0.41041666666666665 0.30486111111111114 0.09583333333333334 0.12916666666666668
5 0.7828125 0.4027777777777778 0.09270833333333334 0.08888888888888889
5 0.6453125 0.3145833333333333 0.10104166666666667 0.1375
5 0.7505208333333333 0.22916666666666666 0.08020833333333334 0.10277777777777777
5 0.6427083333333333 0.6409722222222223 0.10416666666666667 0.13472222222222222
5 0.5145833333333333 0.48125 0.07916666666666666 0.10138888888888889
5 0.5234375 0.18611111111111112 0.065625 0.14444444444444443
