41 0.603125 0.6243055555555556 0.09375 0.11805555555555555
5 0.43645833333333334 0.7291666666666666 0.09583333333333334 0.09444444444444444
38 0.4401041666666667 0.24375 0.159375 0.2375
74 0.66875 0.6798611111111111 0.13333333333333333 0.20416666666666666
74 0.35833333333333334 0.6826388888888889 0.13958333333333334 0.20694444444444443
27 0.45989583333333334 0.6041666666666666 0.14479166666666668 0.19444444444444445
17 0.6463541666666667 0.49236111111111114 0.140625 0.1625
74 0.34270833333333334 0.46041666666666664 0.14375 0.2375
39 0.5734375 0.8527777777777777 0.115625 0.17777777777777778
90 0.7098958333333333 0.4215277777777778 0.128125 0.2375
