38 0.8041666666666667 0.175 0.07916666666666666 0.10833333333333334
21 0.24739583333333334 0.7548611111111111 0.090625 0.12083333333333333
38 0.8020833333333334 0.7847222222222222 0.07708333333333334 0.10555555555555556
21 0.23541666666666666 0.21458333333333332 0.08541666666666667 0.11805555555555555
21 0.19739583333333333 0.4965277777777778 0.10104166666666667 0.12361111111111112
38 0.5244791666666667 0.07291666666666667 0.109375 0.14583333333333334
38 0.6229166666666667 0.8708333333333333 0.10625 0.14722222222222223
38 0.8677083333333333 0.5138888888888888 0.0875 0.12777777777777777
21 0.496875 0.8236111111111111 0.10208333333333333 0.15555555555555556
21 0.3098958333333333 0.1840277777777778 0.09895833333333333 0.1375
21 0.4125 0.13958333333333334 0.10625 0.1597222222222222
38 0.6473958333333333 0.09166666666666666 0.103125 0.14722222222222223
38 0.7276041666666667 0.8194444444444444 0.09895833333333333 0.13055555555555556
21 0.3765625 0.7986111111111112 0.10729166666666666 0.14722222222222223
