34 0.6333333333333333 0.16527777777777777 0.12916666666666668 0.08611111111111111
35 0.7989583333333333 0.8375 0.06666666666666667 0.08888888888888889
34 0.6645833333333333 0.3486111111111111 0.15416666666666667 0.14166666666666666
72 0.8078125 0.1951388888888889 0.06770833333333333 0.10972222222222222
35 0.19322916666666667 0.8326388888888889 0.06145833333333333 0.08472222222222223
72 0.25364583333333335 0.1423611111111111 0.08854166666666667 0.09861111111111111
72 0.865625 0.40208333333333335 0.058333333333333334 0.13194444444444445
34 0.653125 0.2388888888888889 0.14583333333333334 0.12222222222222222
65 0.7369791666666666 0.2298611111111111 0.090625 0.09861111111111111
35 0.8354166666666667 0.7444444444444445 0.06666666666666667 0.125
6 0.3729166666666667 0.13541666666666666 0.11041666666666666 0.11527777777777778
65 0.7104166666666667 0.16527777777777777 0.09375 0.09166666666666666
6 0.29635416666666664 0.6611111111111111 0.134375 0.19166666666666668
72 0.21145833333333333 0.2375 0.08958333333333333 0.14444444444444443
65 0.7760416666666666 0.4111111111111111 0.08125 0.125
35 0.1609375 0.7395833333333334 0.06770833333333333 0.12361111111111112
6 0.7604166666666666 0.6715277777777777 0.09791666666666667 0.1597222222222222
65 0.7572916666666667 0.3104166666666667 0.0875 0.12361111111111112
6 0.29739583333333336 0.4 0.13854166666666667 0.2
34 0.6739583333333333 0.5048611111111111 0.15625 0.1625
