45 0.6239583333333333 0.19236111111111112 0.1625 0.12916666666666668
45 0.6390625 0.32430555555555557 0.19479166666666667 0.18194444444444444
45 0.85625 0.35625 0.07291666666666667 0.10416666666666667
45 0.2953125 0.8493055555555555 0.11770833333333333 0.10694444444444444
45 0.8640625 0.5479166666666667 0.065625 0.09583333333333334
45 0.2520833333333333 0.6569444444444444 0.125 0.1638888888888889
45 0.8630208333333333 0.4486111111111111 0.06770833333333333 0.1
45 0.28489583333333335 0.23402777777777778 0.121875 0.13472222222222222
45 0.8359375 0.27152777777777776 0.07604166666666666 0.09861111111111111
45 0.7927083333333333 0.8486111111111111 0.06666666666666667 0.08055555555555556
45 0.3171875 0.9055555555555556 0.10520833333333333 0.08055555555555556
45 0.6046875 0.11805555555555555 0.13854166666666667 0.08888888888888889
45 0.5916666666666667 0.9506944444444444 0.11666666666666667 0.05416666666666667
45 0.6260416666666667 0.8243055555555555 0.16875 0.13194444444444445
45 0.85625 0.6472222222222223 0.07083333333333333 0.1
45 0.5989583333333334 0.9034722222222222 0.13958333333333334 0.08194444444444444
45 0.6447916666666667 0.5111111111111111 0.20208333333333334 0.20277777777777778
45 0.2598958333333333 0.3527777777777778 0.13020833333333334 0.1527777777777778
45 0.3140625 0.15069444444444444 0.11979166666666667 0.10694444444444444
45 0.2677083333333333 0.7680555555555556 0.11875 0.1361111111111111
45 0.2484375 0.5034722222222222 0.12395833333333334 0.1597222222222222
45 0.8166666666666667 0.7979166666666667 0.06875 0.08472222222222223
45 0.6401041666666667 0.6986111111111111 0.18645833333333334 0.18333333333333332
45 0.8385416666666666 0.7291666666666666 0.07083333333333333 0.09722222222222222
