0 0.7494791666666667 0.6604166666666667 0.057291666666666664 0.09027777777777778
103 0.7552083333333334 0.36041666666666666 0.05625 0.09027777777777778
103 0.7635416666666667 0.5618055555555556 0.05625 0.09861111111111111
0 0.69375 0.4576388888888889 0.07291666666666667 0.10694444444444444
103 0.7364583333333333 0.27361111111111114 0.058333333333333334 0.08055555555555556
103 0.73125 0.7409722222222223 0.05625 0.0763888888888889
0 0.6796875 0.6736111111111112 0.071875 0.09444444444444444
0 0.6932291666666667 0.5694444444444444 0.071875 0.10555555555555556
103 0.7645833333333333 0.4576388888888889 0.05625 0.09861111111111111
0 0.6640625 0.7604166666666666 0.06979166666666667 0.07916666666666666
0 0.6859375 0.35 0.06979166666666667 0.1
0 0.6713541666666667 0.25763888888888886 0.06979166666666667 0.08194444444444444
