15 0.4984375 0.2013888888888889 0.109375 0.1638888888888889
42 0.7755208333333333 0.29375 0.084375 0.11805555555555555
42 0.70625 0.2548611111111111 0.10416666666666667 0.14583333333333334
15 0.4203125 0.8708333333333333 0.09479166666666666 0.13333333333333333
42 0.6197916666666666 0.8583333333333333 0.1 0.14166666666666666
15 0.3890625 0.21805555555555556 0.10520833333333333 0.14722222222222223
42 0.5182291666666666 0.86875 0.09270833333333334 0.1486111111111111
42 0.6145833333333334 0.22083333333333333 0.1125 0.1638888888888889
15 0.21041666666666667 0.5284722222222222 0.09166666666666666 0.11805555555555555
42 0.8026041666666667 0.5638888888888889 0.09895833333333333 0.11388888888888889
15 0.32916666666666666 0.8381944444444445 0.0875 0.11805555555555555
15 0.25677083333333334 0.7798611111111111 0.07604166666666666 0.10416666666666667
15 0.24114583333333334 0.29305555555555557 0.08020833333333334 0.10555555555555556
42 0.7640625 0.7777777777777778 0.08854166666666667 0.1111111111111111
