66 0.16458333333333333 0.425 0.06458333333333334 0.10833333333333334
69 0.8369791666666667 0.39861111111111114 0.057291666666666664 0.10277777777777777
33 0.2703125 0.22083333333333333 0.10729166666666666 0.1111111111111111
69 0.2125 0.2 0.06458333333333334 0.07222222222222222
34 0.7416666666666667 0.7854166666666667 0.09791666666666667 0.11805555555555555
66 0.6359375 0.8805555555555555 0.12395833333333334 0.10833333333333334
69 0.7239583333333334 0.8513888888888889 0.0875 0.08888888888888889
1 0.7854166666666667 0.5388888888888889 0.0875 0.16944444444444445
69 0.7776041666666667 0.1951388888888889 0.07395833333333333 0.10138888888888889
69 0.8208333333333333 0.30972222222222223 0.06666666666666667 0.10277777777777777
69 0.7640625 0.6986111111111111 0.084375 0.1361111111111111
71 0.81875 0.8173611111111111 0.075 0.11527777777777778
33 0.7598958333333333 0.38333333333333336 0.10729166666666666 0.12777777777777777
33 0.7177083333333333 0.20694444444444443 0.11041666666666666 0.10277777777777777
65 0.253125 0.30416666666666664 0.10833333333333334 0.14722222222222223
34 0.6583333333333333 0.7555555555555555 0.15416666666666667 0.1638888888888889
6 0.828125 0.69375 0.06458333333333334 0.12638888888888888
66 0.1765625 0.3347222222222222 0.06770833333333333 0.1111111111111111
69 0.19479166666666667 0.25625 0.0625 0.08472222222222223
33 0.24166666666666667 0.4326388888888889 0.11041666666666666 0.15694444444444444
33 0.7453125 0.2861111111111111 0.10520833333333333 0.11388888888888889
