5 0.2328125 0.5861111111111111 0.09270833333333334 0.08333333333333333
5 0.4078125 0.2722222222222222 0.090625 0.12777777777777777
5 0.2630208333333333 0.7805555555555556 0.078125 0.09722222222222222
5 0.7307291666666667 0.7986111111111112 0.07395833333333333 0.09722222222222222
5 0.4171875 0.8402777777777778 0.084375 0.14722222222222223
5 0.5098958333333333 0.8541666666666666 0.065625 0.14722222222222223
5 0.74375 0.33958333333333335 0.08541666666666667 0.10138888888888889
5 0.25729166666666664 0.3416666666666667 0.0875 0.10555555555555556
5 0.6171875 0.8486111111111111 0.08020833333333334 0.11944444444444445
5 0.7630208333333334 0.5888888888888889 0.09479166666666666 0.08888888888888889
5 0.584375 0.27708333333333335 0.08541666666666667 0.14583333333333334
5 0.4890625 0.2638888888888889 0.06770833333333333 0.13333333333333333
5 0.33229166666666665 0.29583333333333334 0.0875 0.11666666666666667
