102 0.38177083333333334 0.55625 0.09895833333333333 0.07083333333333333
102 0.6182291666666667 0.2916666666666667 0.09270833333333334 0.07222222222222222
102 0.39166666666666666 0.7076388888888889 0.10625 0.07916666666666666
102 0.39114583333333336 0.2916666666666667 0.10104166666666667 0.075
102 0.50625 0.7215277777777778 0.11458333333333333 0.0625
102 0.6302083333333334 0.3972222222222222 0.10833333333333334 0.058333333333333334
102 0.5078125 0.34444444444444444 0.12395833333333334 0.06944444444444445
102 0.6213541666666667 0.6604166666666667 0.09270833333333334 0.07361111111111111
102 0.5078125 0.6347222222222222 0.12395833333333334 0.06944444444444445
102 0.5114583333333333 0.48333333333333334 0.14375 0.08611111111111111
102 0.38385416666666666 0.425 0.103125 0.06111111111111111
102 0.6354166666666666 0.5368055555555555 0.1125 0.07361111111111111
