5 0.8411458333333334 0.6194444444444445 0.04479166666666667 0.08055555555555556
54 0.7375 0.5715277777777777 0.1 0.1736111111111111
60 0.3067708333333333 0.2076388888888889 0.059375 0.0763888888888889
5 0.8151041666666666 0.7118055555555556 0.046875 0.0875
53 0.22552083333333334 0.6979166666666666 0.06979166666666667 0.10416666666666667
71 0.8041666666666667 0.4395833333333333 0.058333333333333334 0.1486111111111111
68 0.5182291666666666 0.20694444444444443 0.11770833333333333 0.1
54 0.66875 0.8430555555555556 0.08125 0.06944444444444445
45 0.7130208333333333 0.7055555555555556 0.11770833333333333 0.13333333333333333
41 0.33489583333333334 0.45208333333333334 0.109375 0.17083333333333334
63 0.3776041666666667 0.2111111111111111 0.08854166666666667 0.10555555555555556
71 0.7390625 0.8027777777777778 0.06354166666666666 0.08333333333333333
45 0.6791666666666667 0.22013888888888888 0.11458333333333333 0.12916666666666668
0 0.36041666666666666 0.7555555555555555 0.09166666666666666 0.1111111111111111
45 0.6916666666666667 0.7868055555555555 0.10416666666666667 0.09861111111111111
62 0.325 0.8076388888888889 0.06875 0.09027777777777778
72 0.7755208333333333 0.3090277777777778 0.078125 0.12083333333333333
5 0.8375 0.3875 0.05625 0.08055555555555556
72 0.8026041666666667 0.5895833333333333 0.06145833333333333 0.14027777777777778
5 0.8463541666666666 0.50625 0.053125 0.0763888888888889
53 0.24791666666666667 0.2423611111111111 0.0625 0.08472222222222223
68 0.5125 0.8104166666666667 0.11458333333333333 0.08194444444444444
68 0.5229166666666667 0.5201388888888889 0.16875 0.2263888888888889
53 0.19895833333333332 0.5826388888888889 0.07083333333333333 0.11805555555555555
62 0.2942708333333333 0.28402777777777777 0.090625 0.12361111111111112
6 0.40677083333333336 0.8395833333333333 0.090625 0.07916666666666666
45 0.6588541666666666 0.15833333333333333 0.096875 0.06944444444444445
62 0.26510416666666664 0.4013888888888889 0.09270833333333334 0.12777777777777777
60 0.2578125 0.6430555555555556 0.06770833333333333 0.11388888888888889
5 0.8151041666666666 0.28680555555555554 0.04895833333333333 0.0763888888888889
5 0.7822916666666667 0.7909722222222222 0.04583333333333333 0.07083333333333333
53 0.19739583333333333 0.4534722222222222 0.06770833333333333 0.12361111111111112
35 0.775 0.7180555555555556 0.06666666666666667 0.11666666666666667
60 0.25104166666666666 0.5284722222222222 0.08125 0.10138888888888889
53 0.2598958333333333 0.7902777777777777 0.06979166666666667 0.08611111111111111
60 0.284375 0.7375 0.06458333333333334 0.1
54 0.7276041666666667 0.39861111111111114 0.10729166666666666 0.175
35 0.7442708333333333 0.21180555555555555 0.065625 0.09305555555555556
37 0.3328125 0.6222222222222222 0.09895833333333333 0.15833333333333333
53 0.22395833333333334 0.33402777777777776 0.08125 0.10972222222222222
68 0.5307291666666667 0.7055555555555556 0.14479166666666668 0.14722222222222223
