35 0.8348958333333333 0.7465277777777778 0.065625 0.1125
0 0.5723958333333333 0.39652777777777776 0.18020833333333333 0.24027777777777778
35 0.7890625 0.6097222222222223 0.109375 0.19166666666666668
0 0.5432291666666667 0.8805555555555555 0.12395833333333334 0.10833333333333334
35 0.8682291666666667 0.49583333333333335 0.059375 0.14444444444444443
0 0.5677083333333334 0.16458333333333333 0.13958333333333334 0.13472222222222222
35 0.7791666666666667 0.4013888888888889 0.11458333333333333 0.2111111111111111
35 0.7583333333333333 0.7736111111111111 0.11041666666666666 0.15555555555555556
35 0.8041666666666667 0.8291666666666667 0.058333333333333334 0.07777777777777778
0 0.5479166666666667 0.70625 0.17083333333333334 0.2125
35 0.7239583333333334 0.8722222222222222 0.09583333333333334 0.10277777777777777
35 0.8645833333333334 0.6291666666666667 0.058333333333333334 0.12777777777777777
