78 0.3046875 0.45 0.078125 0.14166666666666666
78 0.30625 0.5888888888888889 0.08333333333333333 0.14166666666666666
73 0.5088541666666667 0.7520833333333333 0.042708333333333334 0.059722222222222225
49 0.6078125 0.36736111111111114 0.128125 0.16527777777777777
73 0.5114583333333333 0.7 0.04791666666666667 0.07222222222222222
73 0.5067708333333333 0.3451388888888889 0.04895833333333333 0.07083333333333333
79 0.6901041666666666 0.7166666666666667 0.07395833333333333 0.11944444444444445
73 0.5104166666666666 0.4888888888888889 0.05416666666666667 0.07222222222222222
49 0.6130208333333333 0.5486111111111112 0.13645833333333332 0.19722222222222222
78 0.31927083333333334 0.3277777777777778 0.07604166666666666 0.11388888888888889
73 0.5072916666666667 0.6381944444444444 0.052083333333333336 0.0763888888888889
49 0.6046875 0.7131944444444445 0.11770833333333333 0.1375
70 0.42135416666666664 0.7020833333333333 0.13645833333333332 0.1597222222222222
70 0.396875 0.5159722222222223 0.13958333333333334 0.20972222222222223
73 0.5057291666666667 0.4166666666666667 0.053125 0.07777777777777778
79 0.696875 0.3375 0.075 0.11944444444444445
73 0.5125 0.29097222222222224 0.04583333333333333 0.059722222222222225
78 0.3255208333333333 0.7152777777777778 0.08020833333333334 0.11666666666666667
70 0.4161458333333333 0.33125 0.13020833333333334 0.1597222222222222
79 0.7109375 0.4666666666666667 0.078125 0.14722222222222223
