35 0.784375 0.5298611111111111 0.06458333333333334 0.10138888888888889
35 0.265625 0.2951388888888889 0.05416666666666667 0.09027777777777778
35 0.6802083333333333 0.8152777777777778 0.07083333333333333 0.08888888888888889
35 0.5223958333333333 0.2298611111111111 0.08854166666666667 0.10694444444444444
35 0.27239583333333334 0.7548611111111111 0.06354166666666666 0.09305555555555556
35 0.490625 0.8465277777777778 0.08125 0.09027777777777778
35 0.7609375 0.29791666666666666 0.059375 0.09027777777777778
35 0.24166666666666667 0.44375 0.0625 0.09583333333333334
35 0.4010416666666667 0.8347222222222223 0.08333333333333333 0.08333333333333333
35 0.328125 0.2659722222222222 0.075 0.09861111111111111
35 0.7520833333333333 0.7631944444444444 0.0625 0.09305555555555556
35 0.2421875 0.5916666666666667 0.06145833333333333 0.1
35 0.40625 0.24027777777777778 0.08541666666666667 0.10277777777777777
35 0.5989583333333334 0.8402777777777778 0.08333333333333333 0.08888888888888889
35 0.6192708333333333 0.2388888888888889 0.08854166666666667 0.10277777777777777
