84 0.3359375 0.5979166666666667 0.103125 0.07361111111111111
85 0.6979166666666666 0.7006944444444444 0.0625 0.10138888888888889
84 0.3390625 0.6534722222222222 0.10104166666666667 0.08194444444444444
84 0.33541666666666664 0.4576388888888889 0.10833333333333334 0.07083333333333333
86 0.46875 0.43194444444444446 0.1625 0.06944444444444445
87 0.6260416666666667 0.625 0.12916666666666668 0.08611111111111111
86 0.4708333333333333 0.7229166666666667 0.1375 0.05138888888888889
87 0.6130208333333333 0.7354166666666667 0.12395833333333334 0.059722222222222225
87 0.6234375 0.3993055555555556 0.134375 0.08472222222222223
84 0.34270833333333334 0.3597222222222222 0.1 0.06944444444444445
85 0.7145833333333333 0.6069444444444444 0.06041666666666667 0.1111111111111111
86 0.47604166666666664 0.6756944444444445 0.15 0.05416666666666667
84 0.33541666666666664 0.5416666666666666 0.11041666666666666 0.07777777777777778
85 0.715625 0.4965277777777778 0.058333333333333334 0.11805555555555555
84 0.34375 0.6979166666666666 0.08333333333333333 0.06527777777777778
87 0.6239583333333333 0.6854166666666667 0.12291666666666666 0.059722222222222225
84 0.3515625 0.7375 0.090625 0.05277777777777778
87 0.6026041666666667 0.7784722222222222 0.11979166666666667 0.05416666666666667
87 0.6302083333333334 0.5013888888888889 0.13958333333333334 0.08888888888888889
85 0.7083333333333334 0.3875 0.0625 0.1111111111111111
86 0.4703125 0.6152777777777778 0.146875 0.07222222222222222
87 0.615625 0.31527777777777777 0.13541666666666666 0.08333333333333333
86 0.47291666666666665 0.36944444444444446 0.15625 0.06111111111111111
86 0.475 0.5020833333333333 0.16041666666666668 0.07361111111111111
