14 0.7552083333333334 0.36527777777777776 0.06666666666666667 0.09444444444444444
14 0.7447916666666666 0.6701388888888888 0.058333333333333334 0.08472222222222223
14 0.7697916666666667 0.4673611111111111 0.06666666666666667 0.09861111111111111
14 0.7317708333333334 0.2701388888888889 0.06354166666666666 0.08472222222222223
14 0.7640625 0.5722222222222222 0.065625 0.09722222222222222
15 0.6739583333333333 0.7527777777777778 0.03958333333333333 0.05
15 0.6734375 0.2972222222222222 0.08229166666666667 0.10277777777777777
25 0.6265625 0.6868055555555556 0.11354166666666667 0.15138888888888888
25 0.6098958333333333 0.2125 0.096875 0.12222222222222222
25 0.6395833333333333 0.5118055555555555 0.1375 0.14583333333333334
15 0.6984375 0.4048611111111111 0.09895833333333333 0.11527777777777778
15 0.6921875 0.6402777777777777 0.08645833333333333 0.11388888888888889
15 0.7270833333333333 0.5291666666666667 0.041666666666666664 0.075
