55 0.75 0.5798611111111112 0.07916666666666666 0.10138888888888889
62 0.35625 0.6243055555555556 0.08125 0.11527777777777778
47 0.5104166666666666 0.6895833333333333 0.06875 0.09305555555555556
71 0.640625 0.2673611111111111 0.058333333333333334 0.0763888888888889
95 0.6635416666666667 0.4722222222222222 0.075 0.08333333333333333
60 0.5078125 0.47708333333333336 0.07604166666666666 0.09583333333333334
68 0.37552083333333336 0.4666666666666667 0.08229166666666667 0.11944444444444445
37 0.6083333333333333 0.69375 0.0625 0.07916666666666666
24 0.22135416666666666 0.5506944444444445 0.071875 0.10416666666666667
67 0.27447916666666666 0.2916666666666667 0.071875 0.10555555555555556
33 0.3260416666666667 0.3611111111111111 0.07291666666666667 0.08055555555555556
65 0.6739583333333333 0.38958333333333334 0.058333333333333334 0.07361111111111111
1 0.47552083333333334 0.2652777777777778 0.071875 0.08055555555555556
56 0.7213541666666666 0.7222222222222222 0.078125 0.09722222222222222
16 0.32135416666666666 0.7430555555555556 0.07395833333333333 0.1
