33 0.3255208333333333 0.35833333333333334 0.07395833333333333 0.08055555555555556
55 0.21302083333333333 0.6430555555555556 0.078125 0.10833333333333334
62 0.6807291666666667 0.6743055555555556 0.065625 0.08194444444444444
65 0.46041666666666664 0.51875 0.09166666666666666 0.08194444444444444
37 0.60625 0.6923611111111111 0.06458333333333334 0.07916666666666666
95 0.6604166666666667 0.47291666666666665 0.07916666666666666 0.08194444444444444
71 0.25833333333333336 0.30416666666666664 0.058333333333333334 0.08611111111111111
1 0.259375 0.48055555555555557 0.05416666666666667 0.09444444444444444
47 0.5760416666666667 0.2986111111111111 0.06666666666666667 0.08055555555555556
24 0.6947916666666667 0.2826388888888889 0.06666666666666667 0.0875
60 0.340625 0.7013888888888888 0.06875 0.09444444444444444
76 0.490625 0.29444444444444445 0.0875 0.10555555555555556
68 0.37447916666666664 0.46597222222222223 0.08229166666666667 0.11805555555555555
