13 0.3828125 0.8444444444444444 0.08020833333333334 0.12777777777777777
53 0.6526041666666667 0.3277777777777778 0.08854166666666667 0.09444444444444444
54 0.6359375 0.26458333333333334 0.05520833333333333 0.059722222222222225
14 0.3640625 0.725 0.109375 0.15
15 0.6770833333333334 0.5368055555555555 0.10416666666666667 0.11527777777777778
26 0.28229166666666666 0.6694444444444444 0.0875 0.12222222222222222
57 0.49635416666666665 0.7222222222222222 0.11354166666666667 0.18333333333333332
19 0.45 0.20902777777777778 0.07916666666666666 0.1375
56 0.30052083333333335 0.7826388888888889 0.078125 0.12083333333333333
59 0.24322916666666666 0.7791666666666667 0.06145833333333333 0.10277777777777777
27 0.19322916666666667 0.4534722222222222 0.06145833333333333 0.0875
62 0.32916666666666666 0.2625 0.0625 0.08611111111111111
16 0.5276041666666667 0.22777777777777777 0.078125 0.1111111111111111
39 0.46822916666666664 0.8222222222222222 0.08229166666666667 0.12777777777777777
57 0.240625 0.25277777777777777 0.06666666666666667 0.08888888888888889
10 0.24739583333333334 0.5458333333333333 0.10520833333333333 0.13055555555555556
35 0.378125 0.22916666666666666 0.06875 0.07777777777777778
21 0.7130208333333333 0.2701388888888889 0.07604166666666666 0.09305555555555556
15 0.6848958333333334 0.4201388888888889 0.096875 0.10972222222222222
59 0.6776041666666667 0.7708333333333334 0.08229166666666667 0.10277777777777777
39 0.7494791666666667 0.6548611111111111 0.06145833333333333 0.09305555555555556
12 0.7333333333333333 0.7430555555555556 0.06458333333333334 0.08333333333333333
20 0.6932291666666667 0.6548611111111111 0.084375 0.1125
7 0.6177083333333333 0.6805555555555556 0.11875 0.15
51 0.2140625 0.6736111111111112 0.071875 0.10555555555555556
40 0.5765625 0.7909722222222222 0.08229166666666667 0.11805555555555555
71 0.5927083333333333 0.2375 0.0625 0.07777777777777778
18 0.1875 0.5555555555555556 0.04791666666666667 0.1
10 0.25052083333333336 0.4027777777777778 0.10104166666666667 0.13055555555555556
9 0.21302083333333333 0.3388888888888889 0.07395833333333333 0.08611111111111111
55 0.7442708333333333 0.3590277777777778 0.07604166666666666 0.09027777777777778
17 0.7484375 0.45416666666666666 0.07604166666666666 0.08611111111111111
56 0.7578125 0.5534722222222223 0.084375 0.10416666666666667
