57 0.5916666666666667 0.6458333333333334 0.13333333333333333 0.17222222222222222
59 0.2947916666666667 0.18958333333333333 0.07916666666666666 0.11527777777777778
23 0.196875 0.5680555555555555 0.075 0.10277777777777777
10 0.7401041666666667 0.6444444444444445 0.06979166666666667 0.09444444444444444
39 0.7630208333333334 0.4486111111111111 0.07395833333333333 0.09722222222222222
57 0.21927083333333333 0.6791666666666667 0.071875 0.10833333333333334
15 0.6286458333333333 0.4513888888888889 0.11979166666666667 0.125
18 0.23958333333333334 0.2548611111111111 0.0625 0.09305555555555556
17 0.7375 0.3611111111111111 0.07291666666666667 0.08333333333333333
20 0.6510416666666666 0.7534722222222222 0.08333333333333333 0.10138888888888889
58 0.7260416666666667 0.2701388888888889 0.06875 0.09027777777777778
55 0.7161458333333334 0.7263888888888889 0.06770833333333333 0.08333333333333333
19 0.2375 0.35138888888888886 0.08541666666666667 0.10555555555555556
40 0.5729166666666666 0.7951388888888888 0.0875 0.11805555555555555
7 0.3776041666666667 0.33125 0.13229166666666667 0.18472222222222223
37 0.49322916666666666 0.5006944444444444 0.08645833333333333 0.11805555555555555
9 0.25677083333333334 0.7715277777777778 0.059375 0.09583333333333334
16 0.48802083333333335 0.2048611111111111 0.07395833333333333 0.09305555555555556
51 0.18802083333333333 0.45069444444444445 0.078125 0.10416666666666667
27 0.309375 0.7770833333333333 0.0625 0.10416666666666667
13 0.4796875 0.8458333333333333 0.090625 0.14444444444444443
39 0.3807291666666667 0.8020833333333334 0.08854166666666667 0.13472222222222222
12 0.6786458333333333 0.21736111111111112 0.08229166666666667 0.10416666666666667
21 0.5140625 0.2826388888888889 0.11770833333333333 0.1736111111111111
26 0.74375 0.5465277777777777 0.07708333333333334 0.09305555555555556
14 0.390625 0.6048611111111111 0.13541666666666666 0.18472222222222223
