73 0.43020833333333336 0.7180555555555556 0.052083333333333336 0.07777777777777778
73 0.5546875 0.3625 0.05520833333333333 0.075
35 0.33697916666666666 0.7875 0.071875 0.08055555555555556
73 0.4359375 0.5777777777777777 0.057291666666666664 0.075
35 0.3182291666666667 0.3347222222222222 0.071875 0.09444444444444444
72 0.5692708333333333 0.5881944444444445 0.08854166666666667 0.1125
73 0.45416666666666666 0.3798611111111111 0.052083333333333336 0.07916666666666666
73 0.3109375 0.5652777777777778 0.059375 0.06944444444444445
73 0.5567708333333333 0.47152777777777777 0.06354166666666666 0.07083333333333333
73 0.3140625 0.475 0.057291666666666664 0.06944444444444445
35 0.3177083333333333 0.7 0.07916666666666666 0.10833333333333334
72 0.5541666666666667 0.7916666666666666 0.075 0.07222222222222222
72 0.5552083333333333 0.7152777777777778 0.08541666666666667 0.10555555555555556
