25 0.37552083333333336 0.6791666666666667 0.11770833333333333 0.17222222222222222
15 0.5026041666666666 0.3055555555555556 0.10520833333333333 0.1638888888888889
55 0.30885416666666665 0.2708333333333333 0.090625 0.11944444444444445
55 0.2864583333333333 0.6520833333333333 0.09583333333333334 0.13194444444444445
25 0.3854166666666667 0.7902777777777777 0.0875 0.11666666666666667
15 0.4864583333333333 0.5236111111111111 0.11666666666666667 0.15555555555555556
55 0.3046875 0.7548611111111111 0.078125 0.10138888888888889
55 0.265625 0.51875 0.09166666666666666 0.12916666666666668
25 0.35260416666666666 0.5125 0.13854166666666667 0.1527777777777778
55 0.3375 0.18472222222222223 0.06875 0.09722222222222222
15 0.49322916666666666 0.6909722222222222 0.109375 0.1763888888888889
15 0.4765625 0.7854166666666667 0.08229166666666667 0.1125
55 0.2791666666666667 0.3888888888888889 0.10208333333333333 0.13055555555555556
25 0.3958333333333333 0.24097222222222223 0.10208333333333333 0.1486111111111111
