67 0.35885416666666664 0.27847222222222223 0.090625 0.11527777777777778
39 0.7458333333333333 0.6569444444444444 0.07083333333333333 0.08888888888888889
12 0.7338541666666667 0.7381944444444445 0.071875 0.0875
57 0.7484375 0.36527777777777776 0.071875 0.08888888888888889
19 0.35260416666666666 0.6631944444444444 0.11145833333333334 0.1597222222222222
39 0.7635416666666667 0.4625 0.075 0.09722222222222222
58 0.2140625 0.6819444444444445 0.07395833333333333 0.10277777777777777
55 0.7546875 0.5604166666666667 0.07604166666666666 0.09305555555555556
7 0.7223958333333333 0.28055555555555556 0.071875 0.08888888888888889
18 0.23854166666666668 0.26319444444444445 0.06666666666666667 0.08472222222222223
37 0.5270833333333333 0.28055555555555556 0.07291666666666667 0.08333333333333333
51 0.19010416666666666 0.5701388888888889 0.07395833333333333 0.10138888888888889
68 0.5963541666666666 0.3159722222222222 0.071875 0.09305555555555556
59 0.2484375 0.7854166666666667 0.06979166666666667 0.10416666666666667
53 0.6005208333333333 0.43819444444444444 0.10520833333333333 0.12361111111111112
62 0.5890625 0.6694444444444444 0.078125 0.10277777777777777
39 0.18697916666666667 0.4583333333333333 0.06770833333333333 0.10833333333333334
57 0.2078125 0.3506944444444444 0.06770833333333333 0.09861111111111111
47 0.42291666666666666 0.4270833333333333 0.07708333333333334 0.10694444444444444
