6 0.384375 0.3423611111111111 0.07916666666666666 0.09027777777777778
35 0.665625 0.43472222222222223 0.07083333333333333 0.09444444444444444
24 0.284375 0.55 0.09166666666666666 0.11388888888888889
40 0.7609375 0.55625 0.071875 0.09583333333333334
18 0.24791666666666667 0.2611111111111111 0.07083333333333333 0.09166666666666666
10 0.7619791666666667 0.4548611111111111 0.071875 0.09861111111111111
19 0.6760416666666667 0.5347222222222222 0.10625 0.10833333333333334
9 0.21614583333333334 0.35555555555555557 0.07604166666666666 0.1
7 0.20833333333333334 0.5729166666666666 0.07708333333333334 0.10694444444444444
71 0.325 0.2569444444444444 0.06875 0.07777777777777778
60 0.596875 0.55 0.075 0.09166666666666666
34 0.4796875 0.40069444444444446 0.08645833333333333 0.07916666666666666
64 0.4744791666666667 0.2743055555555556 0.059375 0.05416666666666667
47 0.3953125 0.27291666666666664 0.06145833333333333 0.06527777777777778
62 0.4078125 0.73125 0.06770833333333333 0.09305555555555556
15 0.7197916666666667 0.2798611111111111 0.07708333333333334 0.07916666666666666
13 0.24895833333333334 0.7833333333333333 0.0625 0.09444444444444444
0 0.5817708333333333 0.4486111111111111 0.078125 0.1
16 0.6489583333333333 0.7201388888888889 0.075 0.08194444444444444
24 0.659375 0.6395833333333333 0.08958333333333333 0.10694444444444444
60 0.38697916666666665 0.6743055555555556 0.06145833333333333 0.08194444444444444
37 0.475 0.5395833333333333 0.08541666666666667 0.1125
35 0.6427083333333333 0.275 0.06666666666666667 0.08055555555555556
53 0.2953125 0.4354166666666667 0.096875 0.1125
63 0.5765625 0.3506944444444444 0.078125 0.09305555555555556
23 0.19947916666666668 0.46041666666666664 0.07395833333333333 0.09861111111111111
20 0.7567708333333333 0.3541666666666667 0.06354166666666666 0.09444444444444444
16 0.33125 0.7451388888888889 0.07291666666666667 0.09583333333333334
51 0.22447916666666667 0.6819444444444445 0.07604166666666666 0.10555555555555556
67 0.5630208333333333 0.7298611111111111 0.09270833333333334 0.10138888888888889
33 0.46822916666666664 0.6347222222222222 0.08645833333333333 0.075
66 0.4734375 0.6958333333333333 0.078125 0.05555555555555555
13 0.7369791666666666 0.7395833333333334 0.06770833333333333 0.07916666666666666
69 0.4744791666666667 0.33055555555555555 0.08020833333333334 0.06111111111111111
65 0.484375 0.7409722222222223 0.06875 0.04583333333333333
1 0.3885416666666667 0.4388888888888889 0.08333333333333333 0.1
19 0.30572916666666666 0.6625 0.096875 0.12222222222222222
25 0.7375 0.6548611111111111 0.075 0.10416666666666667
71 0.30052083333333335 0.33125 0.071875 0.09027777777777778
67 0.3802083333333333 0.5645833333333333 0.10833333333333334 0.15416666666666667
76 0.5677083333333334 0.26805555555555555 0.07708333333333334 0.08333333333333333
95 0.6666666666666666 0.34791666666666665 0.07708333333333334 0.08472222222222223
62 0.5677083333333334 0.6361111111111111 0.08125 0.10833333333333334
