20 0.7213541666666666 0.2902777777777778 0.06145833333333333 0.075
20 0.7625 0.47430555555555554 0.06458333333333334 0.09305555555555556
57 0.7046875 0.4576388888888889 0.103125 0.11805555555555555
20 0.746875 0.36875 0.06666666666666667 0.08472222222222223
57 0.6854166666666667 0.6951388888888889 0.09583333333333334 0.10972222222222222
20 0.7640625 0.5722222222222222 0.06354166666666666 0.09722222222222222
20 0.7223958333333333 0.75625 0.06145833333333333 0.0763888888888889
20 0.7479166666666667 0.6694444444444444 0.06458333333333334 0.08611111111111111
57 0.7052083333333333 0.5770833333333333 0.10208333333333333 0.11527777777777778
57 0.6640625 0.7861111111111111 0.084375 0.09444444444444444
