27 0.20364583333333333 0.44305555555555554 0.059375 0.08888888888888889
59 0.6817708333333333 0.7722222222222223 0.08229166666666667 0.10555555555555556
51 0.221875 0.6604166666666667 0.07083333333333333 0.10416666666666667
40 0.5817708333333333 0.7881944444444444 0.084375 0.11805555555555555
18 0.1953125 0.5465277777777777 0.04479166666666667 0.09861111111111111
26 0.2911458333333333 0.6638888888888889 0.084375 0.1111111111111111
21 0.7244791666666667 0.26875 0.07395833333333333 0.09027777777777778
10 0.2557291666666667 0.4097222222222222 0.090625 0.125
57 0.365625 0.24097222222222223 0.10625 0.14583333333333334
15 0.6125 0.3875 0.11666666666666667 0.1388888888888889
53 0.6729166666666667 0.3277777777777778 0.07291666666666667 0.09166666666666666
57 0.49635416666666665 0.7125 0.115625 0.18333333333333332
56 0.7734375 0.5555555555555556 0.06979166666666667 0.10555555555555556
39 0.75625 0.6576388888888889 0.0625 0.09583333333333334
17 0.7604166666666666 0.4548611111111111 0.07291666666666667 0.0875
59 0.24791666666666667 0.7666666666666667 0.06041666666666667 0.1
11 0.340625 0.5458333333333333 0.125 0.15
57 0.24947916666666667 0.24930555555555556 0.06354166666666666 0.08472222222222223
19 0.6859375 0.4236111111111111 0.096875 0.10277777777777777
23 0.33125 0.38263888888888886 0.12916666666666668 0.15416666666666667
15 0.29010416666666666 0.28125 0.07395833333333333 0.08194444444444444
9 0.2234375 0.33194444444444443 0.07395833333333333 0.08333333333333333
51 0.6604166666666667 0.5340277777777778 0.125 0.13194444444444445
14 0.3703125 0.7125 0.109375 0.1527777777777778
7 0.6229166666666667 0.6791666666666667 0.11666666666666667 0.1527777777777778
54 0.653125 0.2659722222222222 0.0375 0.05694444444444444
55 0.7567708333333333 0.36041666666666666 0.071875 0.09027777777777778
13 0.3875 0.8347222222222223 0.08333333333333333 0.12777777777777777
20 0.6994791666666667 0.6576388888888889 0.08645833333333333 0.1125
39 0.47552083333333334 0.8145833333333333 0.08229166666666667 0.12916666666666668
16 0.60625 0.2826388888888889 0.08333333333333333 0.09583333333333334
10 0.7291666666666666 0.54375 0.07291666666666667 0.1125
95 0.46822916666666664 0.48333333333333334 0.09479166666666666 0.11388888888888889
58 0.24583333333333332 0.5375 0.09375 0.11388888888888889
12 0.7380208333333333 0.7472222222222222 0.06354166666666666 0.08611111111111111
56 0.30625 0.7708333333333334 0.07708333333333334 0.12222222222222222
71 0.6026041666666667 0.22847222222222222 0.06979166666666667 0.059722222222222225
