12 0.7348958333333333 0.7444444444444445 0.065625 0.08333333333333333
39 0.7494791666666667 0.65625 0.06354166666666666 0.09027777777777778
17 0.6911458333333333 0.43194444444444446 0.09479166666666666 0.10833333333333334
59 0.24375 0.7902777777777777 0.06041666666666667 0.09444444444444444
57 0.7442708333333333 0.3645833333333333 0.07395833333333333 0.0875
62 0.4822916666666667 0.24791666666666667 0.06666666666666667 0.10138888888888889
27 0.20208333333333334 0.3972222222222222 0.06458333333333334 0.09722222222222222
18 0.27239583333333334 0.3076388888888889 0.084375 0.12638888888888888
54 0.4765625 0.4152777777777778 0.08645833333333333 0.12222222222222222
51 0.18854166666666666 0.5305555555555556 0.07291666666666667 0.1
40 0.3333333333333333 0.5784722222222223 0.13333333333333333 0.1625
14 0.35260416666666666 0.7298611111111111 0.10729166666666666 0.14305555555555555
16 0.32864583333333336 0.23194444444444445 0.07604166666666666 0.06666666666666667
58 0.20520833333333333 0.6826388888888889 0.06041666666666667 0.10138888888888889
23 0.24166666666666667 0.5597222222222222 0.09375 0.11666666666666667
21 0.7177083333333333 0.27291666666666664 0.06458333333333334 0.08472222222222223
56 0.303125 0.7979166666666667 0.07708333333333334 0.1125
95 0.6005208333333333 0.43333333333333335 0.090625 0.1
53 0.465625 0.6638888888888889 0.09583333333333334 0.15
19 0.4734375 0.7791666666666667 0.08229166666666667 0.12222222222222222
59 0.6796875 0.7729166666666667 0.08229166666666667 0.10416666666666667
24 0.584375 0.6027777777777777 0.1125 0.1361111111111111
20 0.690625 0.6604166666666667 0.08958333333333333 0.1125
51 0.7104166666666667 0.5493055555555556 0.1 0.1125
55 0.7604166666666666 0.5513888888888889 0.06458333333333334 0.09444444444444444
26 0.26614583333333336 0.4361111111111111 0.10104166666666667 0.12222222222222222
57 0.35885416666666664 0.3236111111111111 0.12604166666666666 0.175
13 0.3880208333333333 0.8534722222222222 0.08229166666666667 0.12638888888888888
9 0.6822916666666666 0.31805555555555554 0.09166666666666666 0.1111111111111111
7 0.2682291666666667 0.6868055555555556 0.090625 0.12361111111111112
