19 0.4739583333333333 0.7763888888888889 0.08125 0.125
57 0.7479166666666667 0.3576388888888889 0.07083333333333333 0.06805555555555555
9 0.6854166666666667 0.3138888888888889 0.09166666666666666 0.10277777777777777
55 0.7541666666666667 0.5604166666666667 0.07708333333333334 0.09305555555555556
40 0.3015625 0.2152777777777778 0.07604166666666666 0.09444444444444444
20 0.69375 0.6569444444444444 0.08333333333333333 0.11666666666666667
7 0.7265625 0.2791666666666667 0.059375 0.07777777777777778
61 0.4666666666666667 0.25277777777777777 0.07708333333333334 0.05555555555555555
51 0.18229166666666666 0.5694444444444444 0.058333333333333334 0.09722222222222222
18 0.2359375 0.25972222222222224 0.06145833333333333 0.075
59 0.24479166666666666 0.7888888888888889 0.0625 0.09166666666666666
57 0.20989583333333334 0.34652777777777777 0.06979166666666667 0.09027777777777778
7 0.23333333333333334 0.5680555555555555 0.07708333333333334 0.11944444444444445
95 0.45625 0.41388888888888886 0.09583333333333334 0.12777777777777777
53 0.46458333333333335 0.6618055555555555 0.09583333333333334 0.1486111111111111
14 0.2677083333333333 0.6951388888888889 0.08541666666666667 0.11805555555555555
54 0.4578125 0.31527777777777777 0.08020833333333334 0.08333333333333333
55 0.5869791666666667 0.7875 0.09895833333333333 0.11944444444444445
57 0.3546875 0.7201388888888889 0.11354166666666667 0.16527777777777777
59 0.6822916666666666 0.7694444444444445 0.08333333333333333 0.10277777777777777
5 0.36770833333333336 0.3145833333333333 0.08125 0.10694444444444444
23 0.6614583333333334 0.23125 0.07708333333333334 0.09305555555555556
27 0.30416666666666664 0.5666666666666667 0.1125 0.1388888888888889
24 0.5911458333333334 0.29097222222222224 0.09479166666666666 0.1125
26 0.3260416666666667 0.4097222222222222 0.125 0.14722222222222223
39 0.18645833333333334 0.46111111111111114 0.06041666666666667 0.1
23 0.23958333333333334 0.4444444444444444 0.09166666666666666 0.1111111111111111
58 0.20885416666666667 0.6819444444444445 0.065625 0.1
39 0.75 0.65625 0.0625 0.09027777777777778
39 0.7645833333333333 0.4666666666666667 0.07083333333333333 0.08611111111111111
55 0.2708333333333333 0.30625 0.09166666666666666 0.11527777777777778
13 0.3854166666666667 0.8493055555555555 0.08333333333333333 0.12638888888888888
51 0.7166666666666667 0.4222222222222222 0.08958333333333333 0.10277777777777777
7 0.61875 0.6854166666666667 0.11875 0.15138888888888888
12 0.7369791666666666 0.7409722222222223 0.06354166666666666 0.08194444444444444
17 0.6203125 0.39166666666666666 0.11979166666666667 0.1361111111111111
35 0.3802083333333333 0.23402777777777778 0.07083333333333333 0.07916666666666666
56 0.30625 0.8027777777777778 0.075 0.11666666666666667
