56 0.7734375 0.6486111111111111 0.084375 0.09722222222222222
14 0.7364583333333333 0.46875 0.08958333333333333 0.10694444444444444
14 0.715625 0.3284722222222222 0.08541666666666667 0.08472222222222223
56 0.7901041666666667 0.525 0.08020833333333334 0.09444444444444444
51 0.6703125 0.5840277777777778 0.13020833333333334 0.14583333333333334
14 0.7098958333333333 0.7069444444444445 0.08020833333333334 0.10277777777777777
56 0.7536458333333333 0.30069444444444443 0.071875 0.09861111111111111
56 0.7489583333333333 0.7458333333333333 0.06875 0.1
14 0.7427083333333333 0.5840277777777778 0.07083333333333333 0.10972222222222222
51 0.6291666666666667 0.7395833333333334 0.1125 0.15416666666666667
14 0.6890625 0.7965277777777777 0.053125 0.09027777777777778
51 0.6119791666666666 0.8291666666666667 0.08645833333333333 0.10555555555555556
51 0.6291666666666667 0.22361111111111112 0.09166666666666666 0.12777777777777777
56 0.7802083333333333 0.4048611111111111 0.0875 0.10138888888888889
51 0.6598958333333333 0.41180555555555554 0.134375 0.1625
