17 0.7354166666666667 0.3576388888888889 0.07708333333333334 0.0875
39 0.7484375 0.6541666666666667 0.06354166666666666 0.09444444444444444
26 0.28072916666666664 0.6645833333333333 0.08854166666666667 0.12638888888888888
62 0.5494791666666666 0.46875 0.090625 0.10138888888888889
14 0.3640625 0.7243055555555555 0.109375 0.15138888888888888
19 0.3416666666666667 0.2361111111111111 0.0875 0.125
39 0.46875 0.8229166666666666 0.08541666666666667 0.12638888888888888
56 0.7578125 0.5548611111111111 0.08229166666666667 0.10138888888888889
57 0.490625 0.7215277777777778 0.11458333333333333 0.18472222222222223
59 0.24322916666666666 0.7798611111111111 0.059375 0.10416666666666667
40 0.5760416666666667 0.7930555555555555 0.08333333333333333 0.11388888888888889
71 0.6197916666666666 0.25277777777777777 0.0625 0.07777777777777778
27 0.1953125 0.4486111111111111 0.065625 0.09722222222222222
13 0.3828125 0.84375 0.08020833333333334 0.12916666666666668
12 0.7328125 0.7416666666666667 0.065625 0.08611111111111111
16 0.4546875 0.2111111111111111 0.078125 0.10833333333333334
9 0.21041666666666667 0.3451388888888889 0.07083333333333333 0.09861111111111111
55 0.7171875 0.2652777777777778 0.07604166666666666 0.09166666666666666
15 0.7421875 0.45 0.08020833333333334 0.09444444444444444
59 0.678125 0.7694444444444445 0.08125 0.10555555555555556
54 0.45729166666666665 0.4701388888888889 0.08958333333333333 0.11805555555555555
18 0.19947916666666668 0.5569444444444445 0.07395833333333333 0.10555555555555556
20 0.6098958333333333 0.6833333333333333 0.115625 0.1527777777777778
51 0.2140625 0.6715277777777777 0.071875 0.10972222222222222
56 0.29791666666666666 0.7770833333333333 0.07708333333333334 0.12083333333333333
10 0.6885416666666667 0.6472222222222223 0.08958333333333333 0.125
57 0.240625 0.25277777777777777 0.06666666666666667 0.08888888888888889
35 0.3489583333333333 0.4652777777777778 0.09166666666666666 0.11944444444444445
