24 0.6588541666666666 0.6395833333333333 0.08854166666666667 0.10694444444444444
65 0.484375 0.7423611111111111 0.07291666666666667 0.04861111111111111
69 0.47552083333333334 0.3333333333333333 0.08229166666666667 0.06111111111111111
62 0.4078125 0.7305555555555555 0.06770833333333333 0.09444444444444444
35 0.6598958333333333 0.3638888888888889 0.071875 0.08888888888888889
71 0.321875 0.2548611111111111 0.06666666666666667 0.0763888888888889
13 0.7375 0.7402777777777778 0.06666666666666667 0.07777777777777778
47 0.396875 0.3506944444444444 0.06875 0.08472222222222223
16 0.6489583333333333 0.7201388888888889 0.075 0.08194444444444444
76 0.5744791666666667 0.3486111111111111 0.08645833333333333 0.10555555555555556
25 0.7390625 0.6548611111111111 0.071875 0.10416666666666667
67 0.3802083333333333 0.5680555555555555 0.10833333333333334 0.1527777777777778
15 0.7197916666666667 0.2791666666666667 0.07708333333333334 0.08055555555555556
34 0.4786458333333333 0.40069444444444446 0.08645833333333333 0.07916666666666666
60 0.38645833333333335 0.6777777777777778 0.06041666666666667 0.08055555555555556
66 0.4739583333333333 0.6958333333333333 0.07708333333333334 0.05555555555555555
7 0.20729166666666668 0.5694444444444444 0.07708333333333334 0.1111111111111111
60 0.5947916666666667 0.5506944444444445 0.07708333333333334 0.09027777777777778
67 0.5625 0.7305555555555555 0.09166666666666666 0.1
53 0.29322916666666665 0.4354166666666667 0.096875 0.1125
64 0.5630208333333333 0.2763888888888889 0.06145833333333333 0.06111111111111111
19 0.30520833333333336 0.6631944444444444 0.09791666666666667 0.12361111111111112
37 0.475 0.5395833333333333 0.08541666666666667 0.1125
62 0.5677083333333334 0.6361111111111111 0.08125 0.10833333333333334
1 0.3885416666666667 0.4423611111111111 0.08333333333333333 0.10138888888888889
68 0.4817708333333333 0.275 0.084375 0.07222222222222222
20 0.753125 0.35555555555555557 0.07083333333333333 0.09166666666666666
34 0.4005208333333333 0.2743055555555556 0.07604166666666666 0.06805555555555555
16 0.3328125 0.7444444444444445 0.07604166666666666 0.09722222222222222
10 0.7619791666666667 0.45416666666666666 0.071875 0.09722222222222222
23 0.2 0.46111111111111114 0.075 0.10555555555555556
95 0.6755208333333333 0.4388888888888889 0.08229166666666667 0.07777777777777778
0 0.5822916666666667 0.45 0.07708333333333334 0.09722222222222222
51 0.22447916666666667 0.68125 0.07604166666666666 0.10694444444444444
33 0.46927083333333336 0.6340277777777777 0.08020833333333334 0.07361111111111111
24 0.28541666666666665 0.55 0.09375 0.11388888888888889
40 0.7609375 0.55625 0.071875 0.09583333333333334
68 0.6203125 0.29930555555555555 0.057291666666666664 0.08194444444444444
71 0.3015625 0.32916666666666666 0.06979166666666667 0.09166666666666666
18 0.24739583333333334 0.26180555555555557 0.06979166666666667 0.09027777777777778
9 0.21666666666666667 0.35625 0.07708333333333334 0.10138888888888889
19 0.678125 0.5347222222222222 0.10625 0.10833333333333334
13 0.24895833333333334 0.7833333333333333 0.0625 0.09444444444444444
