16 0.4390625 0.5270833333333333 0.09895833333333333 0.13472222222222222
40 0.3015625 0.21458333333333332 0.07395833333333333 0.09305555555555556
51 0.7130208333333333 0.4222222222222222 0.096875 0.10555555555555556
53 0.4609375 0.6631944444444444 0.09270833333333334 0.14027777777777778
25 0.70625 0.5395833333333333 0.1 0.11805555555555555
23 0.24583333333333332 0.44027777777777777 0.10416666666666667 0.12222222222222222
7 0.7270833333333333 0.2791666666666667 0.058333333333333334 0.07777777777777778
39 0.18697916666666667 0.46041666666666664 0.06354166666666666 0.10138888888888889
55 0.26875 0.3111111111111111 0.08958333333333333 0.125
59 0.6786458333333333 0.7722222222222223 0.084375 0.10555555555555556
9 0.6864583333333333 0.30972222222222223 0.0875 0.10833333333333334
7 0.24322916666666666 0.56875 0.096875 0.12361111111111112
23 0.6598958333333333 0.22847222222222222 0.078125 0.09027777777777778
39 0.765625 0.4666666666666667 0.06875 0.08611111111111111
58 0.20833333333333334 0.6819444444444445 0.06666666666666667 0.1
18 0.23645833333333333 0.2590277777777778 0.0625 0.07361111111111111
55 0.7572916666666667 0.5631944444444444 0.07083333333333333 0.0875
56 0.31354166666666666 0.7986111111111112 0.08958333333333333 0.125
51 0.18229166666666666 0.5701388888888889 0.058333333333333334 0.09861111111111111
19 0.46979166666666666 0.7756944444444445 0.08125 0.12638888888888888
39 0.75 0.65625 0.0625 0.09027777777777778
12 0.7359375 0.7409722222222223 0.065625 0.08194444444444444
57 0.7489583333333333 0.35 0.06875 0.07777777777777778
20 0.6927083333333334 0.6583333333333333 0.0875 0.11388888888888889
14 0.26875 0.6958333333333333 0.0875 0.11944444444444445
57 0.2078125 0.34652777777777777 0.06770833333333333 0.09027777777777778
59 0.24427083333333333 0.7888888888888889 0.06145833333333333 0.09444444444444444
