56 0.7765625 0.6479166666666667 0.08020833333333334 0.09583333333333334
51 0.6661458333333333 0.5951388888888889 0.134375 0.15416666666666667
51 0.6354166666666666 0.7388888888888889 0.10833333333333334 0.15
14 0.7135416666666666 0.7048611111111112 0.08125 0.07916666666666666
14 0.7088541666666667 0.31180555555555556 0.08020833333333334 0.09305555555555556
51 0.6125 0.8284722222222223 0.08541666666666667 0.10416666666666667
56 0.7807291666666667 0.40347222222222223 0.08229166666666667 0.10416666666666667
56 0.7583333333333333 0.3 0.0625 0.09722222222222222
56 0.7890625 0.5243055555555556 0.08020833333333334 0.10138888888888889
56 0.7479166666666667 0.7458333333333333 0.07083333333333333 0.09722222222222222
51 0.6625 0.41875 0.13333333333333333 0.15694444444444444
14 0.7364583333333333 0.4513888888888889 0.08333333333333333 0.1111111111111111
14 0.6953125 0.7833333333333333 0.04479166666666667 0.09722222222222222
51 0.6083333333333333 0.21666666666666667 0.09166666666666666 0.13333333333333333
14 0.7375 0.5652777777777778 0.08333333333333333 0.10833333333333334
