57 0.6854166666666667 0.4979166666666667 0.11875 0.13472222222222222
10 0.7557291666666667 0.4534722222222222 0.06979166666666667 0.09027777777777778
13 0.4791666666666667 0.8458333333333333 0.08958333333333333 0.14444444444444443
39 0.3807291666666667 0.8020833333333334 0.08854166666666667 0.13472222222222222
55 0.753125 0.5597222222222222 0.07708333333333334 0.09166666666666666
17 0.7322916666666667 0.6472222222222223 0.07083333333333333 0.08333333333333333
27 0.30364583333333334 0.7673611111111112 0.071875 0.10972222222222222
18 0.24114583333333334 0.2548611111111111 0.06770833333333333 0.09305555555555556
19 0.23802083333333332 0.35138888888888886 0.08645833333333333 0.10555555555555556
12 0.6734375 0.7645833333333333 0.08854166666666667 0.1125
20 0.7151041666666667 0.7305555555555555 0.06145833333333333 0.08888888888888889
16 0.3145833333333333 0.4965277777777778 0.09791666666666667 0.12083333333333333
39 0.7286458333333333 0.275 0.071875 0.08611111111111111
14 0.3421875 0.1875 0.08229166666666667 0.11388888888888889
59 0.175 0.5694444444444444 0.07291666666666667 0.11388888888888889
21 0.55625 0.19652777777777777 0.1 0.13194444444444445
26 0.7364583333333333 0.3638888888888889 0.07291666666666667 0.08611111111111111
51 0.18697916666666667 0.4479166666666667 0.07395833333333333 0.10138888888888889
7 0.4505208333333333 0.16458333333333333 0.08854166666666667 0.12638888888888888
40 0.5755208333333334 0.7930555555555555 0.08854166666666667 0.11666666666666667
57 0.2203125 0.6784722222222223 0.071875 0.10972222222222222
9 0.25416666666666665 0.7722222222222223 0.05416666666666667 0.09444444444444444
37 0.5119791666666667 0.49027777777777776 0.084375 0.11388888888888889
15 0.6541666666666667 0.25763888888888886 0.08333333333333333 0.10138888888888889
