26 0.24947916666666667 0.4479166666666667 0.08645833333333333 0.10972222222222222
7 0.2703125 0.6958333333333333 0.08854166666666667 0.125
54 0.4473958333333333 0.34305555555555556 0.084375 0.08611111111111111
23 0.24270833333333333 0.5708333333333333 0.08958333333333333 0.12222222222222222
9 0.6864583333333333 0.3125 0.08541666666666667 0.10833333333333334
7 0.7265625 0.27569444444444446 0.057291666666666664 0.08194444444444444
61 0.4583333333333333 0.2777777777777778 0.08125 0.06111111111111111
51 0.7109375 0.4236111111111111 0.09479166666666666 0.10833333333333334
59 0.6802083333333333 0.7729166666666667 0.08125 0.10416666666666667
55 0.5885416666666666 0.7916666666666666 0.09375 0.11666666666666667
14 0.3536458333333333 0.7291666666666666 0.10729166666666666 0.14722222222222223
40 0.2671875 0.3055555555555556 0.08645833333333333 0.1
55 0.7598958333333333 0.5583333333333333 0.065625 0.09444444444444444
27 0.6697916666666667 0.22916666666666666 0.0625 0.08333333333333333
55 0.32447916666666665 0.3993055555555556 0.140625 0.16805555555555557
39 0.7640625 0.4625 0.06770833333333333 0.08888888888888889
39 0.7494791666666667 0.6555555555555556 0.06354166666666666 0.09166666666666666
58 0.20729166666666668 0.6819444444444445 0.0625 0.1
12 0.7354166666666667 0.7430555555555556 0.06458333333333334 0.08333333333333333
51 0.18489583333333334 0.5652777777777778 0.06354166666666666 0.1
27 0.32708333333333334 0.5805555555555556 0.11875 0.15
39 0.18958333333333333 0.45416666666666666 0.06458333333333334 0.10833333333333334
21 0.6015625 0.275 0.11354166666666667 0.15
57 0.30625 0.21458333333333332 0.07708333333333334 0.09861111111111111
56 0.309375 0.8055555555555556 0.08125 0.11388888888888889
57 0.20989583333333334 0.34444444444444444 0.06770833333333333 0.1
18 0.24375 0.2465277777777778 0.0625 0.0763888888888889
95 0.45625 0.4326388888888889 0.09583333333333334 0.11805555555555555
13 0.3859375 0.85 0.08229166666666667 0.125
25 0.70625 0.5430555555555555 0.09375 0.11666666666666667
7 0.6171875 0.6930555555555555 0.115625 0.14722222222222223
53 0.4640625 0.6618055555555555 0.096875 0.1486111111111111
57 0.7473958333333334 0.35347222222222224 0.06979166666666667 0.07083333333333333
20 0.6927083333333334 0.6611111111111111 0.08333333333333333 0.10833333333333334
5 0.4640625 0.21458333333333332 0.057291666666666664 0.0763888888888889
59 0.24479166666666666 0.7902777777777777 0.0625 0.08888888888888889
19 0.4744791666666667 0.7763888888888889 0.08229166666666667 0.125
62 0.5614583333333333 0.2423611111111111 0.06875 0.06527777777777778
17 0.6244791666666667 0.5541666666666667 0.11979166666666667 0.12777777777777777
35 0.384375 0.2361111111111111 0.07083333333333333 0.08611111111111111
24 0.6026041666666667 0.42777777777777776 0.11145833333333334 0.12222222222222222
