55 0.309375 0.7666666666666667 0.08125 0.1
25 0.3890625 0.24513888888888888 0.103125 0.1486111111111111
15 0.47552083333333334 0.5506944444444445 0.115625 0.16527777777777777
25 0.3614583333333333 0.6784722222222223 0.11875 0.1625
25 0.3859375 0.7895833333333333 0.08854166666666667 0.11805555555555555
55 0.3026041666666667 0.2798611111111111 0.08645833333333333 0.11805555555555555
55 0.33489583333333334 0.19027777777777777 0.065625 0.09722222222222222
15 0.5229166666666667 0.3458333333333333 0.10833333333333334 0.16666666666666666
55 0.2833333333333333 0.6631944444444444 0.08541666666666667 0.12916666666666668
15 0.47604166666666664 0.7118055555555556 0.10416666666666667 0.16805555555555557
55 0.27760416666666665 0.4013888888888889 0.103125 0.12777777777777777
55 0.26666666666666666 0.53125 0.09791666666666667 0.12916666666666668
15 0.4828125 0.80625 0.084375 0.10416666666666667
25 0.34479166666666666 0.5166666666666667 0.1375 0.1527777777777778
