55 0.2755208333333333 0.42430555555555555 0.09270833333333334 0.12083333333333333
14 0.6880208333333333 0.7576388888888889 0.07604166666666666 0.09583333333333334
25 0.3541666666666667 0.4125 0.12916666666666668 0.1527777777777778
55 0.3177083333333333 0.7819444444444444 0.06875 0.09722222222222222
39 0.2635416666666667 0.7597222222222222 0.0625 0.08055555555555556
39 0.2625 0.25416666666666665 0.0625 0.08333333333333333
55 0.3109375 0.29305555555555557 0.096875 0.10833333333333334
25 0.353125 0.5763888888888888 0.13333333333333333 0.1527777777777778
25 0.4010416666666667 0.8243055555555555 0.08333333333333333 0.1125
15 0.4875 0.5451388888888888 0.1125 0.1486111111111111
14 0.7307291666666667 0.5381944444444444 0.090625 0.12361111111111112
55 0.33177083333333335 0.20972222222222223 0.07395833333333333 0.09722222222222222
55 0.29375 0.6868055555555556 0.0875 0.1125
15 0.4895833333333333 0.8076388888888889 0.0875 0.12361111111111112
56 0.7807291666666667 0.4270833333333333 0.08229166666666667 0.10416666666666667
15 0.490625 0.7013888888888888 0.10208333333333333 0.15833333333333333
39 0.21614583333333334 0.44513888888888886 0.06979166666666667 0.10138888888888889
39 0.20885416666666667 0.5583333333333333 0.059375 0.10277777777777777
39 0.2328125 0.6618055555555555 0.06979166666666667 0.09861111111111111
25 0.40572916666666664 0.19027777777777777 0.08229166666666667 0.11388888888888889
14 0.7166666666666667 0.6631944444444444 0.08541666666666667 0.10972222222222222
39 0.24010416666666667 0.33194444444444443 0.07395833333333333 0.08888888888888889
25 0.37864583333333335 0.7270833333333333 0.10520833333333333 0.14583333333333334
56 0.771875 0.6479166666666667 0.07083333333333333 0.10694444444444444
15 0.5583333333333333 0.37430555555555556 0.12083333333333333 0.1763888888888889
56 0.7453125 0.7444444444444445 0.06145833333333333 0.08611111111111111
55 0.26458333333333334 0.55 0.09583333333333334 0.11666666666666667
56 0.7578125 0.3194444444444444 0.084375 0.10277777777777777
56 0.7895833333333333 0.5368055555555555 0.07291666666666667 0.10416666666666667
