54 0.5796875 0.37430555555555556 0.08020833333333334 0.10416666666666667
61 0.6307291666666667 0.2826388888888889 0.06145833333333333 0.0763888888888889
53 0.7057291666666666 0.36666666666666664 0.07395833333333333 0.09166666666666666
21 0.6817708333333333 0.65 0.08854166666666667 0.11666666666666667
63 0.4822916666666667 0.3701388888888889 0.08333333333333333 0.11527777777777778
11 0.24947916666666667 0.49236111111111114 0.10104166666666667 0.12916666666666668
62 0.6453125 0.3798611111111111 0.06354166666666666 0.0875
24 0.284375 0.3701388888888889 0.09166666666666666 0.1125
1 0.3802083333333333 0.3597222222222222 0.08125 0.1
15 0.7395833333333334 0.45208333333333334 0.07916666666666666 0.09305555555555556
9 0.25729166666666664 0.7729166666666667 0.058333333333333334 0.09305555555555556
26 0.7348958333333333 0.6465277777777778 0.059375 0.0875
7 0.46979166666666666 0.7013888888888888 0.12291666666666666 0.18888888888888888
25 0.7572916666666667 0.5541666666666667 0.07083333333333333 0.09166666666666666
14 0.3375 0.6722222222222223 0.11666666666666667 0.1638888888888889
15 0.6838541666666667 0.5 0.09895833333333333 0.11944444444444445
57 0.21770833333333334 0.6805555555555556 0.06875 0.10555555555555556
18 0.24166666666666667 0.2534722222222222 0.06458333333333334 0.09027777777777778
19 0.2296875 0.34930555555555554 0.06770833333333333 0.10138888888888889
55 0.565625 0.7888888888888889 0.09375 0.13055555555555556
16 0.3578125 0.4722222222222222 0.109375 0.12777777777777777
39 0.371875 0.7979166666666667 0.0875 0.13194444444444445
60 0.31354166666666666 0.2972222222222222 0.06666666666666667 0.075
6 0.4036458333333333 0.25833333333333336 0.06979166666666667 0.08055555555555556
40 0.6598958333333333 0.7472222222222222 0.078125 0.09722222222222222
17 0.2630208333333333 0.6472222222222223 0.08020833333333334 0.12222222222222222
23 0.1953125 0.5708333333333333 0.071875 0.09722222222222222
20 0.4708333333333333 0.8208333333333333 0.09583333333333334 0.11666666666666667
51 0.18802083333333333 0.44513888888888886 0.07604166666666666 0.09861111111111111
71 0.5848958333333333 0.4888888888888889 0.09270833333333334 0.11944444444444445
10 0.7161458333333334 0.73125 0.06145833333333333 0.08472222222222223
5 0.690625 0.29305555555555557 0.0625 0.06666666666666667
37 0.4796875 0.5027777777777778 0.08645833333333333 0.11666666666666667
57 0.596875 0.6645833333333333 0.12708333333333333 0.16527777777777777
1 0.5635416666666667 0.27291666666666664 0.06875 0.07916666666666666
47 0.48541666666666666 0.27569444444444446 0.06666666666666667 0.07916666666666666
27 0.3078125 0.7875 0.059375 0.08333333333333333
