60 0.44166666666666665 0.43819444444444444 0.07916666666666666 0.10138888888888889
60 0.42916666666666664 0.5409722222222222 0.07708333333333334 0.09305555555555556
52 0.19479166666666667 0.5291666666666667 0.058333333333333334 0.08888888888888889
82 0.5260416666666666 0.6395833333333333 0.0625 0.07361111111111111
82 0.5260416666666666 0.5618055555555556 0.06458333333333334 0.08472222222222223
72 0.6046875 0.6583333333333333 0.08229166666666667 0.1
95 0.5119791666666667 0.2590277777777778 0.071875 0.09861111111111111
52 0.21354166666666666 0.6409722222222223 0.07083333333333333 0.09305555555555556
13 0.25833333333333336 0.39791666666666664 0.1 0.12083333333333333
19 0.4041666666666667 0.3020833333333333 0.1 0.1486111111111111
38 0.2328125 0.29097222222222224 0.065625 0.0875
12 0.790625 0.7076388888888889 0.03958333333333333 0.0625
19 0.4125 0.75 0.08958333333333333 0.12777777777777777
63 0.5927083333333333 0.3541666666666667 0.07708333333333334 0.09722222222222222
72 0.671875 0.3229166666666667 0.06875 0.08194444444444444
95 0.5078125 0.19722222222222222 0.06145833333333333 0.06111111111111111
71 0.7515625 0.45416666666666666 0.03854166666666667 0.06111111111111111
72 0.5880208333333333 0.7423611111111111 0.071875 0.07916666666666666
59 0.7630208333333334 0.5180555555555556 0.09895833333333333 0.1388888888888889
13 0.2484375 0.5361111111111111 0.10104166666666667 0.11666666666666667
72 0.6109375 0.5548611111111111 0.084375 0.1125
12 0.28125 0.6833333333333333 0.10625 0.12777777777777777
71 0.7255208333333333 0.30694444444444446 0.051041666666666666 0.07222222222222222
82 0.5197916666666667 0.47291666666666665 0.06666666666666667 0.0875
38 0.6979166666666666 0.7791666666666667 0.08125 0.10833333333333334
63 0.5802083333333333 0.26944444444444443 0.06666666666666667 0.07777777777777778
59 0.7458333333333333 0.6673611111111111 0.09166666666666666 0.12083333333333333
38 0.2046875 0.41180555555555554 0.06354166666666666 0.09861111111111111
93 0.39479166666666665 0.6666666666666666 0.09791666666666667 0.13333333333333333
12 0.8005208333333333 0.5756944444444444 0.07395833333333333 0.07361111111111111
82 0.5177083333333333 0.7041666666666667 0.05625 0.06388888888888888
59 0.33125 0.18680555555555556 0.07916666666666666 0.10138888888888889
35 0.7411458333333333 0.38472222222222224 0.051041666666666666 0.08333333333333333
19 0.43020833333333336 0.21458333333333332 0.08125 0.11527777777777778
72 0.6796875 0.4076388888888889 0.06979166666666667 0.09583333333333334
72 0.6473958333333333 0.2569444444444444 0.06354166666666666 0.07222222222222222
12 0.746875 0.7680555555555556 0.05625 0.08611111111111111
13 0.25 0.76875 0.05625 0.06805555555555555
12 0.30833333333333335 0.7743055555555556 0.08125 0.10972222222222222
12 0.2635416666666667 0.20833333333333334 0.05625 0.06111111111111111
95 0.49270833333333336 0.3388888888888889 0.08541666666666667 0.13055555555555556
52 0.2942708333333333 0.26944444444444443 0.096875 0.125
