39 0.7651041666666667 0.4666666666666667 0.06979166666666667 0.08611111111111111
39 0.1859375 0.46111111111111114 0.06145833333333333 0.1
71 0.5776041666666667 0.23194444444444445 0.071875 0.06111111111111111
35 0.3802083333333333 0.23541666666666666 0.07083333333333333 0.08194444444444444
59 0.24270833333333333 0.7888888888888889 0.058333333333333334 0.09444444444444444
51 0.7171875 0.4222222222222222 0.08645833333333333 0.10277777777777777
57 0.20677083333333332 0.34097222222222223 0.06979166666666667 0.09027777777777778
26 0.3260416666666667 0.41041666666666665 0.125 0.1486111111111111
53 0.46458333333333335 0.6652777777777777 0.09583333333333334 0.1388888888888889
25 0.7130208333333333 0.5402777777777777 0.08645833333333333 0.11666666666666667
19 0.4739583333333333 0.7763888888888889 0.08125 0.125
57 0.3541666666666667 0.7201388888888889 0.1125 0.16527777777777777
20 0.6947916666666667 0.6583333333333333 0.08333333333333333 0.11388888888888889
7 0.621875 0.6826388888888889 0.11875 0.15138888888888888
23 0.23958333333333334 0.4444444444444444 0.09166666666666666 0.1111111111111111
9 0.684375 0.3111111111111111 0.09166666666666666 0.10277777777777777
40 0.3 0.2152777777777778 0.07708333333333334 0.09166666666666666
95 0.45677083333333335 0.40694444444444444 0.09270833333333334 0.12222222222222222
7 0.7260416666666667 0.2791666666666667 0.06041666666666667 0.07777777777777778
27 0.30364583333333334 0.5673611111111111 0.11145833333333334 0.1375
55 0.2703125 0.3076388888888889 0.08854166666666667 0.12083333333333333
39 0.75 0.65625 0.0625 0.09027777777777778
54 0.459375 0.32083333333333336 0.08125 0.08055555555555556
14 0.2677083333333333 0.6958333333333333 0.08541666666666667 0.11666666666666667
24 0.5895833333333333 0.2923611111111111 0.09583333333333334 0.1125
56 0.3072916666666667 0.8013888888888889 0.075 0.11666666666666667
57 0.7494791666666667 0.35694444444444445 0.06770833333333333 0.06944444444444445
55 0.7557291666666667 0.5618055555555556 0.07395833333333333 0.09027777777777778
16 0.45260416666666664 0.5333333333333333 0.09895833333333333 0.13333333333333333
55 0.5885416666666666 0.7847222222222222 0.1 0.11944444444444445
18 0.23541666666666666 0.2590277777777778 0.06041666666666667 0.07361111111111111
7 0.23489583333333333 0.5694444444444444 0.07604166666666666 0.11944444444444445
23 0.6635416666666667 0.23194444444444445 0.07708333333333334 0.08888888888888889
58 0.20885416666666667 0.6826388888888889 0.065625 0.09861111111111111
21 0.6203125 0.5298611111111111 0.13229166666666667 0.1375
59 0.6822916666666666 0.7708333333333334 0.08125 0.10277777777777777
13 0.3854166666666667 0.8493055555555555 0.08333333333333333 0.12638888888888888
51 0.18333333333333332 0.5659722222222222 0.058333333333333334 0.09861111111111111
17 0.6244791666666667 0.38958333333333334 0.11770833333333333 0.13194444444444445
12 0.7369791666666666 0.7416666666666667 0.06354166666666666 0.08055555555555556
