57 0.3546875 0.7194444444444444 0.11354166666666667 0.16666666666666666
59 0.6817708333333333 0.7708333333333334 0.08229166666666667 0.10277777777777777
56 0.30572916666666666 0.8027777777777778 0.07395833333333333 0.11666666666666667
39 0.75 0.65625 0.0625 0.09027777777777778
57 0.7489583333333333 0.35694444444444445 0.06875 0.06944444444444445
23 0.6598958333333333 0.22847222222222222 0.078125 0.09027777777777778
7 0.7270833333333333 0.27708333333333335 0.058333333333333334 0.08194444444444444
9 0.684375 0.3145833333333333 0.08958333333333333 0.10972222222222222
12 0.7369791666666666 0.7416666666666667 0.06354166666666666 0.08055555555555556
25 0.70625 0.5402777777777777 0.1 0.11944444444444445
23 0.24583333333333332 0.4395833333333333 0.10416666666666667 0.12083333333333333
51 0.7125 0.4222222222222222 0.09791666666666667 0.10555555555555556
16 0.4484375 0.5333333333333333 0.096875 0.1388888888888889
57 0.2078125 0.34652777777777777 0.06770833333333333 0.09027777777777778
7 0.24322916666666666 0.5680555555555555 0.096875 0.125
40 0.3020833333333333 0.21388888888888888 0.075 0.09444444444444444
58 0.20885416666666667 0.6819444444444445 0.065625 0.1
19 0.4739583333333333 0.7770833333333333 0.08125 0.12361111111111112
18 0.2359375 0.2590277777777778 0.06354166666666666 0.07361111111111111
55 0.5880208333333333 0.7847222222222222 0.09895833333333333 0.12222222222222222
7 0.6213541666666667 0.6833333333333333 0.11770833333333333 0.15
20 0.6947916666666667 0.6583333333333333 0.08333333333333333 0.11388888888888889
59 0.24427083333333333 0.7888888888888889 0.06145833333333333 0.09444444444444444
39 0.765625 0.4666666666666667 0.06875 0.08611111111111111
55 0.7578125 0.5618055555555556 0.06979166666666667 0.09027777777777778
55 0.26927083333333335 0.3104166666666667 0.090625 0.12638888888888888
39 0.18697916666666667 0.46041666666666664 0.06354166666666666 0.10138888888888889
13 0.3854166666666667 0.8493055555555555 0.08333333333333333 0.12638888888888888
51 0.18229166666666666 0.5701388888888889 0.058333333333333334 0.09861111111111111
53 0.4640625 0.6659722222222222 0.09479166666666666 0.1375
14 0.2671875 0.6951388888888889 0.084375 0.11805555555555555
