19 0.6557291666666667 0.7145833333333333 0.08645833333333333 0.10138888888888889
13 0.7348958333333333 0.7402777777777778 0.06770833333333333 0.09166666666666666
13 0.25677083333333334 0.7826388888888889 0.06979166666666667 0.10416666666666667
24 0.678125 0.53125 0.08958333333333333 0.10416666666666667
66 0.47552083333333334 0.4354166666666667 0.090625 0.08194444444444444
10 0.7489583333333333 0.3548611111111111 0.07291666666666667 0.09027777777777778
35 0.303125 0.3347222222222222 0.06875 0.09166666666666666
25 0.22552083333333334 0.6798611111111111 0.06979166666666667 0.09861111111111111
33 0.48541666666666666 0.6548611111111111 0.08125 0.06805555555555555
15 0.24635416666666668 0.2722222222222222 0.071875 0.08611111111111111
62 0.3859375 0.6430555555555556 0.08020833333333334 0.1111111111111111
16 0.3046875 0.6541666666666667 0.08229166666666667 0.1111111111111111
18 0.7270833333333333 0.2763888888888889 0.06875 0.07777777777777778
23 0.19635416666666666 0.4597222222222222 0.06979166666666667 0.10833333333333334
69 0.4796875 0.3625 0.084375 0.075
24 0.28541666666666665 0.5444444444444444 0.09166666666666666 0.1111111111111111
51 0.7505208333333333 0.6527777777777778 0.07395833333333333 0.09166666666666666
95 0.6755208333333333 0.4395833333333333 0.08229166666666667 0.07916666666666666
63 0.3770833333333333 0.4465277777777778 0.07916666666666666 0.10972222222222222
37 0.4869791666666667 0.7229166666666667 0.06770833333333333 0.07083333333333333
19 0.32760416666666664 0.74375 0.07604166666666666 0.10972222222222222
53 0.2916666666666667 0.43472222222222223 0.09375 0.1111111111111111
34 0.4864583333333333 0.5847222222222223 0.0875 0.075
62 0.5911458333333334 0.5493055555555556 0.08854166666666667 0.10138888888888889
40 0.7609375 0.5555555555555556 0.06979166666666667 0.09444444444444444
35 0.6557291666666667 0.33055555555555555 0.06979166666666667 0.09444444444444444
6 0.5786458333333333 0.34444444444444444 0.078125 0.08888888888888889
71 0.3182291666666667 0.2590277777777778 0.06770833333333333 0.0763888888888889
64 0.3848958333333333 0.27708333333333335 0.059375 0.059722222222222225
20 0.7677083333333333 0.45 0.06666666666666667 0.09722222222222222
47 0.5645833333333333 0.2791666666666667 0.06666666666666667 0.06388888888888888
9 0.2125 0.35694444444444445 0.07083333333333333 0.09444444444444444
7 0.20625 0.5715277777777777 0.07708333333333334 0.10694444444444444
65 0.48072916666666665 0.5097222222222222 0.09270833333333334 0.08333333333333333
67 0.41041666666666665 0.7354166666666667 0.09375 0.10416666666666667
1 0.3770833333333333 0.34444444444444444 0.075 0.09444444444444444
67 0.5671875 0.7229166666666667 0.09270833333333334 0.10972222222222222
71 0.6411458333333333 0.2569444444444444 0.065625 0.06944444444444445
60 0.36770833333333336 0.5479166666666667 0.07916666666666666 0.09583333333333334
0 0.5848958333333333 0.4444444444444444 0.08020833333333334 0.10555555555555556
16 0.6635416666666667 0.6319444444444444 0.08541666666666667 0.1
60 0.5864583333333333 0.6416666666666667 0.075 0.09444444444444444
76 0.475 0.2833333333333333 0.08958333333333333 0.08888888888888889
