5 0.5776041666666667 0.26458333333333334 0.08020833333333334 0.10138888888888889
66 0.30833333333333335 0.5 0.06666666666666667 0.07222222222222222
95 0.7005208333333334 0.29583333333333334 0.059375 0.06666666666666667
41 0.3953125 0.7368055555555556 0.06979166666666667 0.07083333333333333
54 0.5864583333333333 0.3541666666666667 0.07708333333333334 0.09444444444444444
26 0.7270833333333333 0.6416666666666667 0.075 0.09166666666666666
63 0.38333333333333336 0.33611111111111114 0.07708333333333334 0.09444444444444444
60 0.26666666666666666 0.2673611111111111 0.052083333333333336 0.05694444444444444
24 0.2421875 0.31875 0.07395833333333333 0.10138888888888889
1 0.37552083333333336 0.55 0.08229166666666667 0.10833333333333334
34 0.31354166666666666 0.37083333333333335 0.06666666666666667 0.06944444444444445
62 0.5630208333333333 0.7201388888888889 0.07395833333333333 0.09583333333333334
65 0.3375 0.7368055555555556 0.06041666666666667 0.05416666666666667
35 0.6546875 0.3659722222222222 0.06145833333333333 0.0875
54 0.5848958333333333 0.5479166666666667 0.078125 0.10416666666666667
0 0.3796875 0.6541666666666667 0.07395833333333333 0.09444444444444444
53 0.228125 0.4388888888888889 0.07916666666666666 0.10277777777777777
25 0.1875 0.5493055555555556 0.06666666666666667 0.10694444444444444
37 0.4 0.25625 0.06875 0.07083333333333333
16 0.6395833333333333 0.7166666666666667 0.07291666666666667 0.08888888888888889
11 0.22083333333333333 0.6597222222222222 0.07083333333333333 0.10277777777777777
15 0.7380208333333333 0.4576388888888889 0.08020833333333334 0.09583333333333334
47 0.4890625 0.4652777777777778 0.078125 0.10277777777777777
64 0.4921875 0.6576388888888889 0.06145833333333333 0.07361111111111111
5 0.6369791666666667 0.2861111111111111 0.06979166666666667 0.08611111111111111
68 0.4901041666666667 0.3597222222222222 0.09270833333333334 0.10833333333333334
35 0.6609375 0.4548611111111111 0.065625 0.09305555555555556
65 0.3078125 0.43194444444444446 0.06354166666666666 0.075
47 0.4869791666666667 0.5694444444444444 0.078125 0.10277777777777777
34 0.3140625 0.6305555555555555 0.06145833333333333 0.06666666666666667
69 0.33489583333333334 0.26944444444444443 0.06354166666666666 0.06111111111111111
57 0.715625 0.7236111111111111 0.06875 0.08333333333333333
69 0.325 0.6888888888888889 0.06458333333333334 0.06111111111111111
19 0.7197916666666667 0.3659722222222222 0.07291666666666667 0.0875
35 0.6567708333333333 0.5493055555555556 0.06770833333333333 0.09583333333333334
6 0.3776041666666667 0.43819444444444444 0.08229166666666667 0.10694444444444444
33 0.3109375 0.5694444444444444 0.06354166666666666 0.06944444444444445
62 0.5734375 0.6430555555555556 0.08229166666666667 0.1
54 0.5890625 0.44722222222222224 0.08020833333333334 0.10277777777777777
71 0.65 0.6368055555555555 0.06458333333333334 0.08194444444444444
66 0.32135416666666666 0.31805555555555554 0.06770833333333333 0.06944444444444445
68 0.4921875 0.27152777777777776 0.08229166666666667 0.08194444444444444
64 0.4901041666666667 0.71875 0.05520833333333333 0.05694444444444444
23 0.24895833333333334 0.7611111111111111 0.0625 0.09166666666666666
17 0.7427083333333333 0.5520833333333334 0.07708333333333334 0.09027777777777778
