20 0.7635416666666667 0.5708333333333333 0.06458333333333334 0.1
57 0.6671875 0.7909722222222222 0.07395833333333333 0.09305555555555556
57 0.6869791666666667 0.3388888888888889 0.090625 0.11666666666666667
57 0.7130208333333333 0.58125 0.08645833333333333 0.1125
20 0.7223958333333333 0.2875 0.06145833333333333 0.07222222222222222
57 0.7052083333333333 0.46111111111111114 0.10208333333333333 0.11944444444444445
20 0.7640625 0.4701388888888889 0.06145833333333333 0.09861111111111111
10 0.48854166666666665 0.7777777777777778 0.11041666666666666 0.14444444444444443
20 0.7463541666666667 0.36736111111111114 0.06770833333333333 0.08472222222222223
20 0.7223958333333333 0.7569444444444444 0.06145833333333333 0.075
18 0.59375 0.8138888888888889 0.09166666666666666 0.10833333333333334
18 0.6145833333333334 0.7152777777777778 0.1125 0.14166666666666666
10 0.5057291666666667 0.8708333333333333 0.090625 0.08611111111111111
10 0.49947916666666664 0.6291666666666667 0.134375 0.19722222222222222
57 0.6911458333333333 0.6986111111111111 0.08645833333333333 0.1111111111111111
18 0.6338541666666667 0.56875 0.13020833333333334 0.14305555555555555
20 0.7484375 0.6694444444444444 0.06354166666666666 0.08333333333333333
