57 0.6885416666666667 0.7027777777777777 0.08958333333333333 0.1
20 0.746875 0.3784722222222222 0.07083333333333333 0.08472222222222223
10 0.51875 0.6222222222222222 0.14583333333333334 0.2
20 0.746875 0.6756944444444445 0.06458333333333334 0.0875
57 0.7057291666666666 0.4638888888888889 0.103125 0.11666666666666667
10 0.5036458333333333 0.8652777777777778 0.09270833333333334 0.09722222222222222
18 0.6119791666666666 0.7354166666666667 0.109375 0.14027777777777778
57 0.709375 0.5798611111111112 0.09166666666666666 0.10972222222222222
18 0.6354166666666666 0.5916666666666667 0.12291666666666666 0.1388888888888889
20 0.7635416666666667 0.5777777777777777 0.0625 0.09722222222222222
20 0.7260416666666667 0.2986111111111111 0.06041666666666667 0.075
20 0.7630208333333334 0.4826388888888889 0.06354166666666666 0.09027777777777778
57 0.6864583333333333 0.33958333333333335 0.09375 0.12361111111111112
57 0.6708333333333333 0.7895833333333333 0.06875 0.09305555555555556
10 0.49947916666666664 0.7680555555555556 0.11354166666666667 0.15555555555555556
18 0.5942708333333333 0.8284722222222223 0.08229166666666667 0.10694444444444444
20 0.7239583333333334 0.7569444444444444 0.058333333333333334 0.075
