24 0.2203125 0.4152777777777778 0.071875 0.09444444444444444
63 0.625 0.3423611111111111 0.05625 0.0763888888888889
1 0.3098958333333333 0.33958333333333335 0.051041666666666666 0.07916666666666666
47 0.459375 0.5298611111111111 0.07916666666666666 0.10416666666666667
60 0.26614583333333336 0.26805555555555555 0.053125 0.058333333333333334
27 0.546875 0.7902777777777777 0.08541666666666667 0.11666666666666667
69 0.31614583333333335 0.6055555555555555 0.06770833333333333 0.06388888888888888
10 0.3734375 0.18263888888888888 0.08645833333333333 0.12638888888888888
35 0.36302083333333335 0.3125 0.08020833333333334 0.10833333333333334
5 0.6895833333333333 0.28888888888888886 0.0625 0.06388888888888888
41 0.39427083333333335 0.6486111111111111 0.071875 0.09722222222222222
33 0.30833333333333335 0.475 0.0625 0.06666666666666667
66 0.621875 0.5986111111111111 0.06875 0.06666666666666667
34 0.6291666666666667 0.4083333333333333 0.058333333333333334 0.06388888888888888
33 0.6197916666666666 0.6534722222222222 0.0625 0.06527777777777778
6 0.32395833333333335 0.2673611111111111 0.052083333333333336 0.06527777777777778
1 0.6260416666666667 0.2763888888888889 0.052083333333333336 0.06388888888888888
0 0.3776041666666667 0.5416666666666666 0.08020833333333334 0.10833333333333334
57 0.37552083333333336 0.8034722222222223 0.08645833333333333 0.12916666666666668
53 0.7 0.3597222222222222 0.08125 0.09166666666666666
62 0.4588541666666667 0.7625 0.07604166666666666 0.10833333333333334
25 0.7421875 0.6402777777777777 0.06979166666666667 0.09166666666666666
26 0.6505208333333333 0.7520833333333333 0.078125 0.10138888888888889
18 0.7140625 0.7215277777777778 0.065625 0.08194444444444444
37 0.5510416666666667 0.6381944444444444 0.07708333333333334 0.09583333333333334
19 0.24322916666666666 0.32083333333333336 0.08229166666666667 0.1
34 0.309375 0.5416666666666666 0.0625 0.06944444444444445
26 0.7442708333333333 0.5423611111111111 0.07604166666666666 0.09583333333333334
0 0.5651041666666666 0.4270833333333333 0.08020833333333334 0.10416666666666667
64 0.4666666666666667 0.26944444444444443 0.058333333333333334 0.06388888888888888
26 0.5786458333333333 0.20694444444444443 0.090625 0.11388888888888889
11 0.25104166666666666 0.74375 0.0625 0.09861111111111111
9 0.20572916666666666 0.6368055555555555 0.06979166666666667 0.10138888888888889
65 0.32760416666666664 0.6645833333333333 0.06770833333333333 0.06805555555555555
47 0.453125 0.34444444444444444 0.07291666666666667 0.09166666666666666
54 0.4671875 0.6569444444444444 0.08020833333333334 0.10277777777777777
64 0.45416666666666666 0.43333333333333335 0.06875 0.08611111111111111
65 0.63125 0.46944444444444444 0.06041666666666667 0.06388888888888888
17 0.7442708333333333 0.44513888888888886 0.07604166666666666 0.09027777777777778
1 0.37447916666666664 0.4305555555555556 0.08020833333333334 0.10833333333333334
23 0.3020833333333333 0.7833333333333333 0.06875 0.10277777777777777
71 0.571875 0.31180555555555556 0.07916666666666666 0.10416666666666667
1 0.5661458333333333 0.5354166666666667 0.078125 0.10416666666666667
69 0.6317708333333333 0.5333333333333333 0.059375 0.06666666666666667
66 0.3078125 0.4111111111111111 0.06145833333333333 0.075
15 0.20364583333333333 0.5180555555555556 0.07395833333333333 0.10555555555555556
