56 0.775 0.64375 0.08125 0.09861111111111111
14 0.7083333333333334 0.31666666666666665 0.08125 0.1
51 0.6125 0.8305555555555556 0.08541666666666667 0.10555555555555556
56 0.7901041666666667 0.5173611111111112 0.08229166666666667 0.09583333333333334
51 0.609375 0.21736111111111112 0.09375 0.13472222222222222
14 0.7135416666666666 0.7097222222222223 0.08125 0.075
14 0.6984375 0.78125 0.04479166666666667 0.09305555555555556
56 0.7541666666666667 0.2986111111111111 0.07083333333333333 0.1
51 0.6671875 0.6027777777777777 0.128125 0.1527777777777778
14 0.7395833333333334 0.45069444444444445 0.07708333333333334 0.1125
56 0.7520833333333333 0.7395833333333334 0.06875 0.09583333333333334
56 0.7791666666666667 0.40555555555555556 0.08541666666666667 0.10555555555555556
14 0.7369791666666666 0.56875 0.084375 0.10694444444444444
51 0.6651041666666667 0.44166666666666665 0.134375 0.15
51 0.6395833333333333 0.7423611111111111 0.10625 0.14583333333333334
