14 0.7171875 0.6236111111111111 0.08854166666666667 0.11666666666666667
56 0.7765625 0.40902777777777777 0.08229166666666667 0.10416666666666667
54 0.33958333333333335 0.3159722222222222 0.0625 0.08472222222222223
19 0.27291666666666664 0.31527777777777777 0.07916666666666666 0.10555555555555556
14 0.6817708333333333 0.7368055555555556 0.07604166666666666 0.10416666666666667
56 0.7666666666666667 0.6465277777777778 0.07083333333333333 0.10416666666666667
56 0.75 0.2972222222222222 0.07916666666666666 0.10555555555555556
56 0.7817708333333333 0.5381944444444444 0.08229166666666667 0.10138888888888889
95 0.2916666666666667 0.2465277777777778 0.058333333333333334 0.0625
56 0.7348958333333333 0.7395833333333334 0.065625 0.09861111111111111
5 0.35520833333333335 0.24791666666666667 0.06875 0.08194444444444444
14 0.7322916666666667 0.4979166666666667 0.08958333333333333 0.12083333333333333
