34 0.4171875 0.24027777777777778 0.07395833333333333 0.05277777777777778
65 0.5723958333333333 0.54375 0.08229166666666667 0.07361111111111111
24 0.7208333333333333 0.6291666666666667 0.07083333333333333 0.08888888888888889
65 0.5625 0.33819444444444446 0.08333333333333333 0.06527777777777778
1 0.6244791666666667 0.2701388888888889 0.05520833333333333 0.06805555555555555
68 0.48854166666666665 0.47847222222222224 0.09375 0.12638888888888888
0 0.6442708333333333 0.5277777777777778 0.059375 0.09166666666666666
34 0.4078125 0.39166666666666666 0.08645833333333333 0.08055555555555556
65 0.40677083333333336 0.5430555555555555 0.08645833333333333 0.075
1 0.6390625 0.6166666666666667 0.057291666666666664 0.08333333333333333
24 0.6979166666666666 0.7083333333333334 0.06666666666666667 0.08611111111111111
6 0.6276041666666666 0.6930555555555555 0.057291666666666664 0.075
19 0.6984375 0.2708333333333333 0.08020833333333334 0.08611111111111111
6 0.6354166666666666 0.34375 0.06041666666666667 0.08194444444444444
68 0.4921875 0.7006944444444444 0.08020833333333334 0.0875
66 0.5739583333333333 0.6111111111111112 0.07916666666666666 0.07222222222222222
68 0.4890625 0.6013888888888889 0.09270833333333334 0.11388888888888889
66 0.571875 0.4027777777777778 0.08958333333333333 0.075
68 0.4864583333333333 0.3 0.08333333333333333 0.1
34 0.4046875 0.6159722222222223 0.08229166666666667 0.07083333333333333
69 0.5666666666666667 0.7159722222222222 0.06875 0.05416666666666667
33 0.415625 0.6777777777777778 0.07708333333333334 0.058333333333333334
65 0.4088541666666667 0.2951388888888889 0.07395833333333333 0.0763888888888889
34 0.5697916666666667 0.6673611111111111 0.07708333333333334 0.059722222222222225
65 0.5614583333333333 0.24305555555555555 0.075 0.058333333333333334
19 0.7286458333333333 0.44583333333333336 0.09270833333333334 0.09166666666666666
24 0.7328125 0.5395833333333333 0.07395833333333333 0.09027777777777778
19 0.7161458333333334 0.35138888888888886 0.090625 0.09722222222222222
1 0.64375 0.43125 0.058333333333333334 0.09027777777777778
33 0.5744791666666667 0.4756944444444444 0.084375 0.07083333333333333
69 0.4197916666666667 0.7263888888888889 0.07083333333333333 0.05
66 0.4 0.46875 0.0875 0.07916666666666666
69 0.565625 0.28402777777777777 0.07291666666666667 0.059722222222222225
