6 0.6375 0.34305555555555556 0.05625 0.08055555555555556
24 0.7197916666666667 0.6361111111111111 0.07083333333333333 0.08611111111111111
6 0.628125 0.6916666666666667 0.05625 0.075
33 0.4161458333333333 0.6777777777777778 0.078125 0.058333333333333334
68 0.4901041666666667 0.47847222222222224 0.096875 0.12916666666666668
19 0.7182291666666667 0.3576388888888889 0.08854166666666667 0.09305555555555556
65 0.5619791666666667 0.24375 0.07604166666666666 0.05694444444444444
66 0.5723958333333333 0.4027777777777778 0.08854166666666667 0.075
19 0.7296875 0.4486111111111111 0.09270833333333334 0.09166666666666666
0 0.6453125 0.525 0.059375 0.09444444444444444
65 0.4114583333333333 0.2916666666666667 0.07916666666666666 0.07777777777777778
69 0.5671875 0.7166666666666667 0.06979166666666667 0.05555555555555555
66 0.5739583333333333 0.6111111111111112 0.07916666666666666 0.07222222222222222
34 0.4078125 0.39652777777777776 0.08854166666666667 0.0763888888888889
68 0.49322916666666666 0.6986111111111111 0.08020833333333334 0.08888888888888889
24 0.7328125 0.5479166666666667 0.07395833333333333 0.09305555555555556
34 0.40572916666666664 0.6166666666666667 0.08229166666666667 0.06944444444444445
33 0.5770833333333333 0.4756944444444444 0.08333333333333333 0.07083333333333333
65 0.40677083333333336 0.5451388888888888 0.08645833333333333 0.07361111111111111
1 0.6244791666666667 0.2701388888888889 0.05520833333333333 0.06805555555555555
69 0.5651041666666666 0.28402777777777777 0.07395833333333333 0.05694444444444444
68 0.48854166666666665 0.33055555555555555 0.08958333333333333 0.1111111111111111
65 0.571875 0.3388888888888889 0.08125 0.06388888888888888
68 0.490625 0.6006944444444444 0.09375 0.1125
1 0.6442708333333333 0.4305555555555556 0.057291666666666664 0.08888888888888889
66 0.403125 0.47152777777777777 0.0875 0.0763888888888889
24 0.7010416666666667 0.7083333333333334 0.06666666666666667 0.08055555555555556
34 0.4203125 0.2375 0.07395833333333333 0.05
1 0.6395833333333333 0.6159722222222223 0.05625 0.08472222222222223
65 0.5744791666666667 0.5444444444444444 0.084375 0.07222222222222222
69 0.4203125 0.725 0.06979166666666667 0.04722222222222222
19 0.7036458333333333 0.2791666666666667 0.08229166666666667 0.08611111111111111
34 0.5697916666666667 0.6673611111111111 0.07708333333333334 0.059722222222222225
