57 0.7484375 0.36527777777777776 0.071875 0.08888888888888889
19 0.35260416666666666 0.6638888888888889 0.11145833333333334 0.15833333333333333
51 0.19010416666666666 0.5701388888888889 0.07395833333333333 0.10138888888888889
39 0.7463541666666667 0.6569444444444444 0.06979166666666667 0.08888888888888889
39 0.1875 0.4583333333333333 0.06875 0.10833333333333334
7 0.721875 0.28055555555555556 0.07083333333333333 0.08888888888888889
59 0.24895833333333334 0.7854166666666667 0.07083333333333333 0.10416666666666667
55 0.7541666666666667 0.5604166666666667 0.07708333333333334 0.09305555555555556
53 0.340625 0.25833333333333336 0.08125 0.11666666666666667
57 0.2078125 0.3506944444444444 0.06770833333333333 0.09861111111111111
39 0.7635416666666667 0.4618055555555556 0.075 0.09583333333333334
12 0.7333333333333333 0.7381944444444445 0.07291666666666667 0.0875
58 0.2140625 0.6819444444444445 0.07395833333333333 0.10277777777777777
18 0.23854166666666668 0.26319444444444445 0.06666666666666667 0.08472222222222223
