56 0.7244791666666667 0.7284722222222222 0.06979166666666667 0.09583333333333334
55 0.6677083333333333 0.7416666666666667 0.075 0.10555555555555556
20 0.27291666666666664 0.31527777777777777 0.09166666666666666 0.11944444444444445
55 0.7104166666666667 0.5 0.10416666666666667 0.11666666666666667
58 0.3770833333333333 0.17847222222222223 0.09166666666666666 0.13194444444444445
40 0.23802083333333332 0.25625 0.059375 0.0763888888888889
20 0.3020833333333333 0.21805555555555556 0.075 0.09722222222222222
56 0.7604166666666666 0.6347222222222222 0.06041666666666667 0.10277777777777777
56 0.7447916666666666 0.3104166666666667 0.08541666666666667 0.10416666666666667
26 0.5838541666666667 0.7798611111111111 0.08645833333333333 0.1125
56 0.7692708333333333 0.5263888888888889 0.078125 0.1
58 0.28958333333333336 0.5284722222222222 0.12708333333333333 0.13194444444444445
55 0.6671875 0.26319444444444445 0.09270833333333334 0.11527777777777778
20 0.24635416666666668 0.4354166666666667 0.09270833333333334 0.1125
26 0.6114583333333333 0.6868055555555556 0.10625 0.14027777777777778
40 0.19427083333333334 0.4756944444444444 0.06145833333333333 0.09305555555555556
55 0.7010416666666667 0.6229166666666667 0.10416666666666667 0.10972222222222222
26 0.6296875 0.55 0.11979166666666667 0.13333333333333333
56 0.7614583333333333 0.41597222222222224 0.08541666666666667 0.10416666666666667
26 0.6177083333333333 0.3972222222222222 0.12708333333333333 0.14444444444444443
40 0.20885416666666667 0.3548611111111111 0.06354166666666666 0.09027777777777778
