7 0.275 0.3104166666666667 0.11458333333333333 0.13472222222222222
16 0.390625 0.6951388888888889 0.11041666666666666 0.14583333333333334
12 0.7994791666666666 0.1986111111111111 0.08020833333333334 0.1
7 0.2552083333333333 0.44513888888888886 0.125 0.13472222222222222
7 0.29010416666666666 0.7506944444444444 0.10520833333333333 0.13472222222222222
12 0.8333333333333334 0.2902777777777778 0.08541666666666667 0.10833333333333334
16 0.4078125 0.8027777777777778 0.08854166666666667 0.11388888888888889
12 0.8609375 0.40694444444444444 0.084375 0.1
21 0.628125 0.25277777777777777 0.12708333333333333 0.17222222222222222
7 0.26145833333333335 0.6194444444444445 0.11875 0.1388888888888889
16 0.3796875 0.40069444444444446 0.115625 0.14583333333333334
16 0.37916666666666665 0.5527777777777778 0.12083333333333333 0.14166666666666666
12 0.865625 0.5319444444444444 0.0875 0.10277777777777777
16 0.39166666666666666 0.27361111111111114 0.1 0.13333333333333333
