21 0.2796875 0.7479166666666667 0.11354166666666667 0.14305555555555555
13 0.6604166666666667 0.18888888888888888 0.13125 0.175
12 0.828125 0.2986111111111111 0.08541666666666667 0.1111111111111111
40 0.5052083333333334 0.3729166666666667 0.1375 0.20972222222222223
40 0.5119791666666667 0.19791666666666666 0.11979166666666667 0.1736111111111111
21 0.25416666666666665 0.6020833333333333 0.12708333333333333 0.14583333333333334
40 0.5151041666666667 0.10347222222222222 0.09895833333333333 0.1125
21 0.2520833333333333 0.43125 0.12916666666666668 0.14583333333333334
12 0.7973958333333333 0.20972222222222223 0.078125 0.09722222222222222
13 0.6296875 0.09513888888888888 0.09479166666666666 0.12638888888888888
59 0.38177083333333334 0.09236111111111112 0.10729166666666666 0.14305555555555555
21 0.275 0.2763888888888889 0.11666666666666667 0.14444444444444443
21 0.30520833333333336 0.1638888888888889 0.08958333333333333 0.125
