18 0.8135416666666667 0.6569444444444444 0.07708333333333334 0.10833333333333334
93 0.5276041666666667 0.5729166666666666 0.10520833333333333 0.1486111111111111
24 0.4354166666666667 0.15 0.08541666666666667 0.11388888888888889
15 0.2916666666666667 0.24791666666666667 0.11041666666666666 0.14305555555555555
10 0.7520833333333333 0.5354166666666667 0.12708333333333333 0.14305555555555555
15 0.18333333333333332 0.38333333333333336 0.09583333333333334 0.11666666666666667
15 0.2109375 0.2652777777777778 0.084375 0.1111111111111111
93 0.5130208333333334 0.7451388888888889 0.090625 0.15694444444444444
18 0.7828125 0.7659722222222223 0.07395833333333333 0.09305555555555556
10 0.7104166666666667 0.7972222222222223 0.10208333333333333 0.12777777777777777
10 0.7411458333333333 0.6805555555555556 0.115625 0.14166666666666666
18 0.8 0.2861111111111111 0.07708333333333334 0.09166666666666666
24 0.4140625 0.23680555555555555 0.10520833333333333 0.15138888888888888
10 0.7052083333333333 0.1625 0.0875 0.10277777777777777
93 0.5265625 0.28680555555555554 0.09895833333333333 0.15416666666666667
10 0.75625 0.3888888888888889 0.11875 0.14444444444444443
18 0.7770833333333333 0.20069444444444445 0.06041666666666667 0.08472222222222223
15 0.3255208333333333 0.14930555555555555 0.090625 0.10972222222222222
93 0.5302083333333333 0.4152777777777778 0.10833333333333334 0.1527777777777778
24 0.6213541666666667 0.24305555555555555 0.09895833333333333 0.13055555555555556
10 0.728125 0.25555555555555554 0.10833333333333334 0.1361111111111111
93 0.5270833333333333 0.11180555555555556 0.06875 0.0625
24 0.6104166666666667 0.16041666666666668 0.0875 0.10416666666666667
93 0.5234375 0.1840277777777778 0.084375 0.10416666666666667
18 0.8307291666666666 0.5354166666666667 0.07604166666666666 0.11805555555555555
24 0.6317708333333333 0.3715277777777778 0.11770833333333333 0.15694444444444444
15 0.24166666666666667 0.17569444444444443 0.075 0.09027777777777778
18 0.8244791666666667 0.41388888888888886 0.07604166666666666 0.10833333333333334
