40 0.2947916666666667 0.19236111111111112 0.09375 0.11805555555555555
9 0.7057291666666666 0.18680555555555556 0.084375 0.11527777777777778
40 0.22708333333333333 0.20347222222222222 0.06666666666666667 0.09027777777777778
56 0.8135416666666667 0.3173611111111111 0.08958333333333333 0.11805555555555555
27 0.671875 0.5875 0.12708333333333333 0.15555555555555556
9 0.7609375 0.44305555555555554 0.11145833333333334 0.13055555555555556
9 0.7380208333333333 0.2972222222222222 0.10520833333333333 0.1361111111111111
56 0.7796875 0.20555555555555555 0.08020833333333334 0.10277777777777777
27 0.6098958333333333 0.14444444444444443 0.090625 0.11666666666666667
9 0.7645833333333333 0.5833333333333334 0.10208333333333333 0.1361111111111111
56 0.8364583333333333 0.45 0.08958333333333333 0.12222222222222222
40 0.19947916666666668 0.30277777777777776 0.084375 0.1111111111111111
27 0.63125 0.8451388888888889 0.0875 0.1125
56 0.7989583333333333 0.7166666666666667 0.09583333333333334 0.12222222222222222
27 0.6666666666666666 0.40625 0.12916666666666668 0.15694444444444444
27 0.6479166666666667 0.7430555555555556 0.11666666666666667 0.15
27 0.6359375 0.2465277777777778 0.115625 0.15138888888888888
56 0.8354166666666667 0.5861111111111111 0.0875 0.12222222222222222
