24 0.5005208333333333 0.8388888888888889 0.08645833333333333 0.13055555555555556
27 0.3567708333333333 0.2861111111111111 0.11770833333333333 0.1638888888888889
15 0.2625 0.3326388888888889 0.10625 0.1375
17 0.6911458333333333 0.8145833333333333 0.08645833333333333 0.12083333333333333
23 0.19270833333333334 0.7048611111111112 0.08541666666666667 0.10972222222222222
25 0.8161458333333333 0.34652777777777777 0.084375 0.1125
25 0.7869791666666667 0.23819444444444443 0.078125 0.10138888888888889
24 0.5041666666666667 0.33819444444444446 0.10833333333333334 0.1736111111111111
23 0.18177083333333333 0.3458333333333333 0.08229166666666667 0.1111111111111111
25 0.7703125 0.8041666666666667 0.071875 0.10277777777777777
27 0.390625 0.8729166666666667 0.09166666666666666 0.12361111111111112
17 0.74375 0.45625 0.11666666666666667 0.12638888888888888
22 0.6192708333333333 0.32430555555555557 0.11770833333333333 0.1597222222222222
23 0.23072916666666668 0.8034722222222223 0.08020833333333334 0.10138888888888889
