21 0.3020833333333333 0.7729166666666667 0.10208333333333333 0.13194444444444445
22 0.39895833333333336 0.7090277777777778 0.11041666666666666 0.14583333333333334
21 0.253125 0.47291666666666665 0.12083333333333333 0.1375
40 0.171875 0.4395833333333333 0.08333333333333333 0.11527777777777778
27 0.725 0.27361111111111114 0.10208333333333333 0.13055555555555556
27 0.7171875 0.7965277777777777 0.084375 0.10416666666666667
27 0.6979166666666666 0.17222222222222222 0.08333333333333333 0.10555555555555556
87 0.5322916666666667 0.21597222222222223 0.16458333333333333 0.06527777777777778
40 0.19791666666666666 0.6868055555555556 0.08333333333333333 0.10972222222222222
24 0.41875 0.8076388888888889 0.09375 0.12083333333333333
22 0.375 0.42083333333333334 0.12708333333333333 0.14722222222222223
27 0.7432291666666667 0.6916666666666667 0.09270833333333334 0.12222222222222222
27 0.7619791666666667 0.5534722222222223 0.10104166666666667 0.12638888888888888
56 0.8401041666666667 0.5173611111111112 0.09270833333333334 0.12361111111111112
40 0.21875 0.21666666666666667 0.07083333333333333 0.09166666666666666
56 0.7916666666666666 0.7652777777777777 0.08541666666666667 0.1111111111111111
87 0.5359375 0.16597222222222222 0.15729166666666666 0.04583333333333333
21 0.2682291666666667 0.6375 0.115625 0.14722222222222223
22 0.3776041666666667 0.5708333333333333 0.12395833333333334 0.14722222222222223
40 0.18958333333333333 0.31805555555555554 0.07916666666666666 0.1111111111111111
22 0.3963541666666667 0.18472222222222223 0.09270833333333334 0.11388888888888889
22 0.38229166666666664 0.2826388888888889 0.11458333333333333 0.14027777777777778
27 0.7619791666666667 0.4125 0.103125 0.125
87 0.5442708333333334 0.2972222222222222 0.165625 0.09722222222222222
56 0.8223958333333333 0.6541666666666667 0.09270833333333334 0.11666666666666667
21 0.2703125 0.31805555555555554 0.11354166666666667 0.14166666666666666
40 0.1734375 0.5652777777777778 0.08229166666666667 0.11388888888888889
56 0.7994791666666666 0.25625 0.08854166666666667 0.12361111111111112
56 0.83125 0.38263888888888886 0.09375 0.12638888888888888
21 0.2911458333333333 0.19583333333333333 0.09479166666666666 0.13055555555555556
