51 0.7557291666666667 0.7340277777777777 0.06979166666666667 0.08194444444444444
51 0.7802083333333333 0.44513888888888886 0.075 0.09305555555555556
63 0.5802083333333333 0.525 0.07916666666666666 0.10555555555555556
51 0.7859375 0.5458333333333333 0.07604166666666666 0.09166666666666666
54 0.6630208333333333 0.5715277777777777 0.06770833333333333 0.09027777777777778
54 0.653125 0.3333333333333333 0.0625 0.06666666666666667
21 0.2859375 0.7847222222222222 0.06979166666666667 0.09444444444444444
63 0.5697916666666667 0.7194444444444444 0.07083333333333333 0.08333333333333333
15 0.49583333333333335 0.8722222222222222 0.07083333333333333 0.08333333333333333
51 0.7692708333333333 0.6513888888888889 0.07395833333333333 0.1
15 0.48333333333333334 0.5138888888888888 0.11458333333333333 0.15
24 0.38645833333333335 0.6631944444444444 0.09583333333333334 0.11805555555555555
24 0.403125 0.7659722222222223 0.08125 0.10694444444444444
54 0.6505208333333333 0.6555555555555556 0.06770833333333333 0.08611111111111111
15 0.49166666666666664 0.8006944444444445 0.0875 0.13194444444444445
24 0.3848958333333333 0.42569444444444443 0.103125 0.12361111111111112
51 0.71875 0.8069444444444445 0.07083333333333333 0.09166666666666666
15 0.48489583333333336 0.6784722222222223 0.109375 0.1736111111111111
24 0.4 0.31666666666666665 0.08958333333333333 0.11666666666666667
51 0.740625 0.32916666666666666 0.08125 0.1111111111111111
54 0.6520833333333333 0.3993055555555556 0.06458333333333334 0.08472222222222223
63 0.5713541666666667 0.33402777777777776 0.071875 0.08194444444444444
54 0.6385416666666667 0.7284722222222222 0.06458333333333334 0.07361111111111111
63 0.5765625 0.6284722222222222 0.078125 0.10138888888888889
54 0.6572916666666667 0.48125 0.06666666666666667 0.09305555555555556
63 0.578125 0.4222222222222222 0.07708333333333334 0.09722222222222222
21 0.23489583333333333 0.5111111111111111 0.08020833333333334 0.1
24 0.3807291666666667 0.5465277777777777 0.10520833333333333 0.11527777777777778
63 0.5640625 0.7888888888888889 0.06145833333333333 0.06666666666666667
24 0.41510416666666666 0.8326388888888889 0.06979166666666667 0.08472222222222223
54 0.6260416666666667 0.7854166666666667 0.058333333333333334 0.059722222222222225
