15 0.20989583333333334 0.7256944444444444 0.08645833333333333 0.10694444444444444
21 0.6401041666666667 0.2298611111111111 0.121875 0.16805555555555557
17 0.703125 0.16458333333333333 0.075 0.10138888888888889
10 0.2682291666666667 0.2638888888888889 0.11145833333333334 0.14722222222222223
22 0.5067708333333333 0.20902777777777778 0.10104166666666667 0.14305555555555555
107 0.7583333333333333 0.3638888888888889 0.09166666666666666 0.125
21 0.6567708333333333 0.6027777777777777 0.153125 0.18055555555555555
24 0.5052083333333334 0.4909722222222222 0.11875 0.15416666666666667
21 0.6317708333333333 0.7694444444444445 0.12395833333333334 0.16944444444444445
24 0.5104166666666666 0.33055555555555555 0.11041666666666666 0.16944444444444445
15 0.1875 0.6138888888888889 0.09375 0.11666666666666667
17 0.7276041666666667 0.2513888888888889 0.09270833333333334 0.11944444444444445
10 0.3145833333333333 0.14166666666666666 0.09166666666666666 0.125
21 0.6572916666666667 0.4 0.15208333333333332 0.175
15 0.2453125 0.16041666666666668 0.06979166666666667 0.08472222222222223
107 0.7546875 0.6354166666666666 0.09270833333333334 0.1375
24 0.5036458333333333 0.7784722222222222 0.09895833333333333 0.14027777777777778
15 0.20416666666666666 0.2520833333333333 0.0625 0.10972222222222222
24 0.5052083333333334 0.6527777777777778 0.1125 0.175
15 0.18489583333333334 0.36666666666666664 0.09270833333333334 0.11388888888888889
107 0.7557291666666667 0.4986111111111111 0.115625 0.12777777777777777
24 0.509375 0.12291666666666666 0.08333333333333333 0.09305555555555556
15 0.178125 0.48819444444444443 0.09791666666666667 0.12361111111111112
21 0.6161458333333333 0.12152777777777778 0.096875 0.12361111111111112
