21 0.7682291666666666 0.23541666666666666 0.08645833333333333 0.12083333333333333
19 0.5911458333333334 0.21180555555555555 0.09895833333333333 0.1625
21 0.809375 0.6243055555555556 0.10625 0.11805555555555555
40 0.2265625 0.22569444444444445 0.071875 0.09305555555555556
21 0.78125 0.7576388888888889 0.09583333333333334 0.11805555555555555
40 0.29791666666666666 0.2 0.08958333333333333 0.1111111111111111
19 0.68125 0.2388888888888889 0.10208333333333333 0.14166666666666666
24 0.3885416666666667 0.30277777777777776 0.10625 0.1527777777777778
24 0.4942708333333333 0.2902777777777778 0.10104166666666667 0.15833333333333333
21 0.7958333333333333 0.3548611111111111 0.1125 0.12916666666666668
24 0.4005208333333333 0.20208333333333334 0.09270833333333334 0.11527777777777778
24 0.4973958333333333 0.42777777777777776 0.11145833333333334 0.16111111111111112
24 0.4942708333333333 0.18819444444444444 0.08854166666666667 0.11527777777777778
40 0.19479166666666667 0.3263888888888889 0.08125 0.10555555555555556
21 0.81875 0.4888888888888889 0.1 0.11666666666666667
