35 0.1796875 0.8 0.06354166666666666 0.10833333333333334
35 0.29270833333333335 0.6236111111111111 0.17708333333333334 0.2722222222222222
35 0.2578125 0.8548611111111111 0.09270833333333334 0.10694444444444444
35 0.18177083333333333 0.40208333333333335 0.090625 0.1763888888888889
35 0.6322916666666667 0.17847222222222223 0.18125 0.18472222222222223
35 0.17864583333333334 0.5875 0.07395833333333333 0.18055555555555555
35 0.3723958333333333 0.85 0.159375 0.15833333333333333
35 0.409375 0.9430555555555555 0.125 0.08333333333333333
35 0.21822916666666667 0.7479166666666667 0.10104166666666667 0.15416666666666667
35 0.1578125 0.2652777777777778 0.06770833333333333 0.1111111111111111
35 0.7796875 0.7597222222222222 0.10520833333333333 0.15833333333333333
35 0.590625 0.9430555555555555 0.12916666666666668 0.08055555555555556
35 0.8072916666666666 0.36180555555555555 0.09791666666666667 0.19305555555555556
35 0.6114583333333333 0.8451388888888889 0.16875 0.17083333333333334
35 0.14322916666666666 0.6888888888888889 0.059375 0.11944444444444445
35 0.8161458333333333 0.5666666666666667 0.096875 0.18333333333333332
35 0.665625 0.41597222222222224 0.21458333333333332 0.3125
35 0.7348958333333333 0.8715277777777778 0.09895833333333333 0.10416666666666667
35 0.12552083333333333 0.3763888888888889 0.04895833333333333 0.12777777777777777
35 0.12083333333333333 0.5076388888888889 0.04791666666666667 0.13194444444444445
