41 0.21770833333333334 0.8097222222222222 0.06458333333333334 0.09166666666666666
64 0.7625 0.34097222222222223 0.08541666666666667 0.12083333333333333
86 0.3609375 0.4625 0.228125 0.13055555555555556
100 0.8036458333333333 0.7125 0.065625 0.11388888888888889
86 0.3640625 0.3451388888888889 0.215625 0.12916666666666668
100 0.81875 0.3388888888888889 0.05625 0.11944444444444445
84 0.6213541666666667 0.4388888888888889 0.265625 0.14444444444444443
100 0.828125 0.46319444444444446 0.0625 0.12916666666666668
84 0.603125 0.7013888888888888 0.22083333333333333 0.1361111111111111
41 0.16197916666666667 0.5833333333333334 0.057291666666666664 0.13333333333333333
84 0.5916666666666667 0.16111111111111112 0.21458333333333332 0.09166666666666666
84 0.609375 0.24791666666666667 0.225 0.13194444444444445
86 0.3729166666666667 0.19444444444444445 0.19583333333333333 0.09444444444444444
41 0.2046875 0.21736111111111112 0.06354166666666666 0.09861111111111111
41 0.18125 0.7076388888888889 0.0625 0.1125
86 0.36875 0.25972222222222224 0.20416666666666666 0.11666666666666667
41 0.17604166666666668 0.3215277777777778 0.06041666666666667 0.11805555555555555
64 0.7463541666666667 0.24027777777777778 0.07604166666666666 0.10277777777777777
64 0.7239583333333334 0.17083333333333334 0.07708333333333334 0.08611111111111111
84 0.6307291666666667 0.58125 0.2552083333333333 0.14305555555555555
41 0.15833333333333333 0.4465277777777778 0.05416666666666667 0.13194444444444445
100 0.8255208333333334 0.5916666666666667 0.059375 0.125
