80 0.4765625 0.6486111111111111 0.171875 0.21388888888888888
63 0.24895833333333334 0.3611111111111111 0.05416666666666667 0.1
80 0.32135416666666666 0.6263888888888889 0.128125 0.19722222222222222
31 0.6541666666666667 0.2520833333333333 0.14791666666666667 0.1736111111111111
39 0.15833333333333333 0.5277777777777778 0.08333333333333333 0.11944444444444445
63 0.759375 0.42777777777777776 0.058333333333333334 0.09722222222222222
63 0.7536458333333333 0.6263888888888889 0.06354166666666666 0.09444444444444444
19 0.7536458333333333 0.2298611111111111 0.08645833333333333 0.1125
63 0.7588541666666667 0.5277777777777778 0.06145833333333333 0.1
80 0.32916666666666666 0.32916666666666666 0.125 0.18055555555555555
31 0.6604166666666667 0.4618055555555556 0.15208333333333332 0.24305555555555555
63 0.7489583333333333 0.33402777777777776 0.05625 0.09027777777777778
70 0.4973958333333333 0.2423611111111111 0.17395833333333333 0.1625
70 0.6515625 0.6840277777777778 0.14270833333333333 0.1986111111111111
39 0.21302083333333333 0.22291666666666668 0.084375 0.10694444444444444
39 0.20364583333333333 0.7631944444444444 0.08229166666666667 0.10416666666666667
63 0.7390625 0.7145833333333333 0.059375 0.08472222222222223
39 0.171875 0.6513888888888889 0.08125 0.11388888888888889
80 0.4744791666666667 0.425 0.18020833333333333 0.22777777777777777
