17 0.2234375 0.2625 0.08645833333333333 0.10833333333333334
22 0.4083333333333333 0.18680555555555556 0.09375 0.12638888888888888
5 0.6041666666666666 0.2777777777777778 0.08958333333333333 0.12777777777777777
5 0.6171875 0.5159722222222223 0.10729166666666666 0.10416666666666667
17 0.19010416666666666 0.3638888888888889 0.08645833333333333 0.1
17 0.1890625 0.46944444444444444 0.09270833333333334 0.11666666666666667
19 0.31666666666666665 0.21180555555555555 0.09791666666666667 0.1125
15 0.7192708333333333 0.27708333333333335 0.109375 0.13472222222222222
5 0.609375 0.6416666666666667 0.1 0.1388888888888889
5 0.5979166666666667 0.7527777777777778 0.08125 0.125
5 0.6151041666666667 0.3923611111111111 0.103125 0.12638888888888888
17 0.1953125 0.5875 0.09479166666666666 0.1111111111111111
15 0.6604166666666667 0.1638888888888889 0.08125 0.125
19 0.29635416666666664 0.31319444444444444 0.11145833333333334 0.1375
22 0.3854166666666667 0.3 0.11666666666666667 0.15833333333333333
19 0.2869791666666667 0.44305555555555554 0.13229166666666667 0.12777777777777777
15 0.7427083333333333 0.41597222222222224 0.11666666666666667 0.1375
5 0.5869791666666667 0.1951388888888889 0.07395833333333333 0.11527777777777778
17 0.21354166666666666 0.6944444444444444 0.08541666666666667 0.10555555555555556
17 0.2390625 0.78125 0.078125 0.09583333333333334
