27 0.6989583333333333 0.15208333333333332 0.07708333333333334 0.09861111111111111
51 0.36041666666666666 0.31666666666666665 0.15416666666666667 0.20555555555555555
62 0.5171875 0.4986111111111111 0.09270833333333334 0.125
51 0.38958333333333334 0.8402777777777778 0.11041666666666666 0.15555555555555556
107 0.83125 0.4951388888888889 0.075 0.1125
51 0.3625 0.7104166666666667 0.15208333333333332 0.20694444444444443
17 0.7635416666666667 0.1875 0.06458333333333334 0.08888888888888889
24 0.6203125 0.7694444444444445 0.10520833333333333 0.13333333333333333
21 0.23072916666666668 0.17708333333333334 0.06770833333333333 0.08472222222222223
21 0.17760416666666667 0.4111111111111111 0.084375 0.10277777777777777
17 0.7953125 0.27569444444444446 0.07395833333333333 0.09305555555555556
24 0.6359375 0.35347222222222224 0.12395833333333334 0.15138888888888888
27 0.7682291666666666 0.5104166666666666 0.11145833333333334 0.14305555555555555
27 0.7291666666666666 0.24027777777777778 0.09166666666666666 0.11944444444444445
107 0.8197916666666667 0.6111111111111112 0.08125 0.10277777777777777
39 0.22708333333333333 0.5083333333333333 0.11875 0.15555555555555556
24 0.6375 0.6458333333333334 0.125 0.1527777777777778
21 0.19791666666666666 0.275 0.07916666666666666 0.09166666666666666
17 0.7916666666666666 0.7256944444444444 0.07291666666666667 0.09583333333333334
62 0.5125 0.25277777777777777 0.08125 0.12222222222222222
27 0.75 0.6548611111111111 0.10208333333333333 0.13194444444444445
62 0.515625 0.7541666666666667 0.08333333333333333 0.12222222222222222
62 0.5130208333333334 0.36527777777777776 0.08854166666666667 0.1388888888888889
24 0.6411458333333333 0.49930555555555556 0.13229166666666667 0.14027777777777778
24 0.6041666666666666 0.15069444444444444 0.08958333333333333 0.10416666666666667
62 0.515625 0.6381944444444444 0.08958333333333333 0.14027777777777778
51 0.34791666666666665 0.51875 0.1625 0.1625
39 0.29791666666666666 0.1375 0.06875 0.10555555555555556
62 0.5114583333333333 0.1701388888888889 0.07291666666666667 0.09305555555555556
21 0.203125 0.6923611111111111 0.1 0.12638888888888888
27 0.7286458333333333 0.7722222222222223 0.09270833333333334 0.1111111111111111
107 0.81875 0.38125 0.075 0.10694444444444444
24 0.6171875 0.2298611111111111 0.10520833333333333 0.13472222222222222
27 0.7567708333333333 0.36736111111111114 0.103125 0.13472222222222222
51 0.41458333333333336 0.09583333333333334 0.0875 0.12777777777777777
21 0.178125 0.56875 0.08958333333333333 0.10416666666666667
39 0.24010416666666667 0.3548611111111111 0.11979166666666667 0.14027777777777778
51 0.3723958333333333 0.1736111111111111 0.11354166666666667 0.14444444444444443
39 0.265625 0.22847222222222222 0.09791666666666667 0.12638888888888888
