49 0.7171875 0.19027777777777777 0.15104166666666666 0.2
49 0.7536458333333333 0.45694444444444443 0.15729166666666666 0.35
80 0.21145833333333333 0.2125 0.11875 0.18888888888888888
50 0.17135416666666667 0.4048611111111111 0.08645833333333333 0.22916666666666666
79 0.5421875 0.5375 0.309375 0.425
49 0.69375 0.7673611111111112 0.19791666666666666 0.25972222222222224
35 0.5130208333333334 0.9361111111111111 0.134375 0.1111111111111111
49 0.33541666666666664 0.2048611111111111 0.21041666666666667 0.23472222222222222
50 0.5526041666666667 0.1701388888888889 0.228125 0.20694444444444443
49 0.3223958333333333 0.8020833333333334 0.19895833333333332 0.22916666666666666
49 0.28177083333333336 0.50625 0.20104166666666667 0.37916666666666665
