36 0.5822916666666667 0.20833333333333334 0.12291666666666666 0.1361111111111111
1 0.22447916666666667 0.8006944444444445 0.06145833333333333 0.09861111111111111
36 0.6083333333333333 0.3527777777777778 0.13333333333333333 0.18611111111111112
0 0.22760416666666666 0.5743055555555555 0.084375 0.1625
36 0.61875 0.54375 0.14375 0.19583333333333333
0 0.221875 0.4097222222222222 0.07916666666666666 0.15833333333333333
36 0.6026041666666667 0.8263888888888888 0.09895833333333333 0.10555555555555556
0 0.29375 0.8347222222222223 0.08333333333333333 0.09722222222222222
36 0.5729166666666666 0.11388888888888889 0.09791666666666667 0.09166666666666666
5 0.86875 0.44166666666666665 0.10208333333333333 0.10277777777777777
70 0.4078125 0.14375 0.240625 0.19027777777777777
5 0.8651041666666667 0.5638888888888889 0.10520833333333333 0.10277777777777777
70 0.425 0.79375 0.2625 0.24027777777777778
5 0.85 0.6770833333333334 0.09375 0.10972222222222222
5 0.8229166666666666 0.7680555555555556 0.0875 0.1111111111111111
0 0.246875 0.26319444444444445 0.0875 0.13194444444444445
36 0.6078125 0.7097222222222223 0.13020833333333334 0.16111111111111112
0 0.2552083333333333 0.725 0.08541666666666667 0.13333333333333333
70 0.4078125 0.45208333333333334 0.30520833333333336 0.4513888888888889
0 0.26979166666666665 0.1597222222222222 0.07083333333333333 0.09166666666666666
