84 0.415625 0.29097222222222224 0.23541666666666666 0.23194444444444445
84 0.39895833333333336 0.70625 0.24583333333333332 0.1125
86 0.65 0.575 0.225 0.14166666666666666
86 0.6463541666666667 0.25277777777777777 0.196875 0.10277777777777777
46 0.2296875 0.24444444444444444 0.07395833333333333 0.1111111111111111
84 0.384375 0.5944444444444444 0.24166666666666667 0.12777777777777777
84 0.3932291666666667 0.8458333333333333 0.18229166666666666 0.20555555555555555
86 0.6520833333333333 0.3375 0.21666666666666667 0.1111111111111111
86 0.6359375 0.1875 0.19270833333333334 0.09444444444444444
84 0.39427083333333335 0.4597222222222222 0.25729166666666664 0.15
86 0.6515625 0.45069444444444445 0.22604166666666667 0.12083333333333333
