62 0.5135416666666667 0.6388888888888888 0.08958333333333333 0.1388888888888889
21 0.19791666666666666 0.2763888888888889 0.07916666666666666 0.09444444444444444
51 0.37135416666666665 0.17083333333333334 0.11354166666666667 0.14166666666666666
24 0.6182291666666667 0.7722222222222223 0.10520833333333333 0.13333333333333333
62 0.5130208333333334 0.5 0.090625 0.125
17 0.7598958333333333 0.19166666666666668 0.07395833333333333 0.09444444444444444
107 0.8166666666666667 0.6125 0.0875 0.10555555555555556
51 0.33958333333333335 0.5097222222222222 0.16458333333333333 0.16111111111111112
21 0.23020833333333332 0.17777777777777778 0.06666666666666667 0.08611111111111111
51 0.4161458333333333 0.09375 0.08645833333333333 0.12638888888888888
21 0.178125 0.4111111111111111 0.08541666666666667 0.10277777777777777
21 0.203125 0.6930555555555555 0.1 0.125
39 0.22239583333333332 0.5104166666666666 0.11354166666666667 0.15416666666666667
51 0.3572916666666667 0.7020833333333333 0.15208333333333332 0.20416666666666666
51 0.3651041666666667 0.3125 0.153125 0.20833333333333334
24 0.6401041666666667 0.5006944444444444 0.13645833333333332 0.1375
62 0.5119791666666667 0.1701388888888889 0.071875 0.09305555555555556
17 0.7854166666666667 0.7416666666666667 0.07708333333333334 0.10277777777777777
39 0.29739583333333336 0.13541666666666666 0.06770833333333333 0.10416666666666667
62 0.5151041666666667 0.7541666666666667 0.08229166666666667 0.12222222222222222
62 0.5119791666666667 0.3659722222222222 0.08854166666666667 0.1375
39 0.24166666666666667 0.35347222222222224 0.12083333333333333 0.14305555555555555
51 0.3875 0.8354166666666667 0.1125 0.1597222222222222
17 0.7932291666666667 0.2798611111111111 0.08020833333333334 0.09861111111111111
24 0.6026041666666667 0.15138888888888888 0.08645833333333333 0.10555555555555556
24 0.6328125 0.35347222222222224 0.12604166666666666 0.15416666666666667
24 0.6171875 0.23125 0.10729166666666666 0.13194444444444445
62 0.5135416666666667 0.25277777777777777 0.08125 0.12222222222222222
22 0.6364583333333333 0.6479166666666667 0.125 0.15416666666666667
21 0.17916666666666667 0.5701388888888889 0.08958333333333333 0.10138888888888889
39 0.26458333333333334 0.22847222222222222 0.09583333333333334 0.12638888888888888
107 0.825 0.4965277777777778 0.08958333333333333 0.1125
107 0.8151041666666666 0.38125 0.08645833333333333 0.10694444444444444
