53 0.496875 0.6916666666666667 0.10625 0.1527777777777778
39 0.23072916666666668 0.5243055555555556 0.11979166666666667 0.14305555555555555
53 0.5020833333333333 0.5416666666666666 0.11458333333333333 0.1527777777777778
23 0.7265625 0.7354166666666667 0.103125 0.1375
53 0.5109375 0.24444444444444444 0.10520833333333333 0.15
53 0.5098958333333333 0.1486111111111111 0.08854166666666667 0.1111111111111111
15 0.6140625 0.12013888888888889 0.09479166666666666 0.12361111111111112
23 0.7614583333333333 0.5319444444444444 0.12083333333333333 0.14166666666666666
15 0.6494791666666667 0.5486111111111112 0.15104166666666666 0.16666666666666666
15 0.646875 0.3770833333333333 0.14583333333333334 0.16805555555555557
59 0.21979166666666666 0.16666666666666666 0.08125 0.1111111111111111
53 0.48385416666666664 0.7979166666666667 0.09270833333333334 0.12361111111111112
51 0.8338541666666667 0.40625 0.08854166666666667 0.10972222222222222
51 0.8432291666666667 0.5243055555555556 0.084375 0.10694444444444444
19 0.4166666666666667 0.16666666666666666 0.09791666666666667 0.1527777777777778
51 0.7864583333333334 0.1951388888888889 0.07291666666666667 0.09861111111111111
15 0.584375 0.8381944444444445 0.09791666666666667 0.14305555555555555
51 0.8192708333333333 0.6493055555555556 0.096875 0.1125
15 0.61875 0.7208333333333333 0.12916666666666668 0.175
51 0.81875 0.2881944444444444 0.08541666666666667 0.09583333333333334
39 0.2515625 0.6756944444444445 0.115625 0.14583333333333334
23 0.7375 0.2520833333333333 0.1 0.12916666666666668
23 0.7130208333333333 0.15555555555555556 0.08645833333333333 0.1111111111111111
23 0.7619791666666667 0.3854166666666667 0.11354166666666667 0.1375
53 0.5067708333333333 0.38472222222222224 0.11354166666666667 0.1527777777777778
39 0.3171875 0.1375 0.09270833333333334 0.11666666666666667
39 0.2760416666666667 0.23819444444444443 0.11458333333333333 0.14027777777777778
51 0.7947916666666667 0.7527777777777778 0.07291666666666667 0.1111111111111111
15 0.6296875 0.22569444444444445 0.12395833333333334 0.16527777777777777
39 0.23958333333333334 0.3763888888888889 0.12083333333333333 0.14166666666666666
39 0.2864583333333333 0.79375 0.09791666666666667 0.12638888888888888
