64 0.265625 0.7736111111111111 0.08125 0.1
84 0.3890625 0.6277777777777778 0.265625 0.1361111111111111
41 0.8135416666666667 0.2833333333333333 0.06041666666666667 0.11388888888888889
41 0.8015625 0.7777777777777778 0.06354166666666666 0.09166666666666666
86 0.6239583333333333 0.3229166666666667 0.22708333333333333 0.10694444444444444
46 0.1890625 0.3347222222222222 0.065625 0.11388888888888889
46 0.18125 0.5847222222222223 0.06458333333333334 0.125
86 0.6364583333333333 0.42986111111111114 0.23541666666666666 0.11527777777777778
64 0.29635416666666664 0.8576388888888888 0.08229166666666667 0.09583333333333334
64 0.24010416666666667 0.6729166666666667 0.08020833333333334 0.12916666666666668
41 0.8291666666666667 0.6722222222222223 0.0625 0.11944444444444445
84 0.40260416666666665 0.7513888888888889 0.23645833333333333 0.11944444444444445
84 0.37395833333333334 0.49236111111111114 0.26458333333333334 0.1375
41 0.7760416666666666 0.1840277777777778 0.06666666666666667 0.09027777777777778
46 0.22760416666666666 0.8034722222222223 0.06354166666666666 0.09027777777777778
86 0.6098958333333333 0.2423611111111111 0.22604166666666667 0.09027777777777778
41 0.8385416666666666 0.4076388888888889 0.05416666666666667 0.12916666666666668
86 0.6390625 0.5513888888888889 0.228125 0.13055555555555556
46 0.21614583333333334 0.23472222222222222 0.06979166666666667 0.09166666666666666
46 0.18020833333333333 0.45555555555555555 0.06666666666666667 0.12777777777777777
86 0.6041666666666666 0.17777777777777778 0.21666666666666667 0.08611111111111111
46 0.19583333333333333 0.7048611111111112 0.06041666666666667 0.11527777777777778
41 0.84375 0.54375 0.05416666666666667 0.13194444444444445
