19 0.6203125 0.4826388888888889 0.14270833333333333 0.1486111111111111
40 0.19583333333333333 0.3263888888888889 0.08125 0.10833333333333334
19 0.6098958333333333 0.30972222222222223 0.12395833333333334 0.18333333333333332
21 0.7666666666666667 0.22916666666666666 0.08333333333333333 0.11666666666666667
21 0.8036458333333333 0.34791666666666665 0.09270833333333334 0.11527777777777778
40 0.2994791666666667 0.19930555555555557 0.090625 0.1125
19 0.7203125 0.4625 0.128125 0.1388888888888889
40 0.22604166666666667 0.2263888888888889 0.07083333333333333 0.09166666666666666
19 0.7046875 0.3298611111111111 0.115625 0.14027777777777778
19 0.5916666666666667 0.20277777777777778 0.09791666666666667 0.14444444444444443
19 0.6854166666666667 0.2222222222222222 0.09166666666666666 0.1111111111111111
21 0.8208333333333333 0.48680555555555555 0.09375 0.12083333333333333
24 0.3963541666666667 0.24444444444444444 0.09895833333333333 0.14444444444444443
24 0.4953125 0.29097222222222224 0.10104166666666667 0.1625
24 0.49375 0.18819444444444444 0.08958333333333333 0.11527777777777778
