27 0.2916666666666667 0.20694444444444443 0.08958333333333333 0.1111111111111111
21 0.7463541666666667 0.5118055555555555 0.11770833333333333 0.1375
21 0.7291666666666666 0.3416666666666667 0.11875 0.15
27 0.28802083333333334 0.7326388888888888 0.10104166666666667 0.13194444444444445
56 0.18229166666666666 0.6583333333333333 0.09791666666666667 0.12222222222222222
22 0.6125 0.2902777777777778 0.1125 0.14444444444444443
21 0.6989583333333333 0.2125 0.10208333333333333 0.13333333333333333
22 0.625 0.5854166666666667 0.13125 0.1486111111111111
27 0.24114583333333334 0.45694444444444443 0.103125 0.125
27 0.7020833333333333 0.7993055555555556 0.08958333333333333 0.11805555555555555
22 0.5921875 0.8180555555555555 0.090625 0.11944444444444445
27 0.309375 0.8368055555555556 0.08541666666666667 0.10694444444444444
87 0.4432291666666667 0.3215277777777778 0.178125 0.0875
22 0.6072916666666667 0.7208333333333333 0.10833333333333334 0.14722222222222223
21 0.7270833333333333 0.6763888888888889 0.11666666666666667 0.14444444444444443
56 0.21458333333333332 0.7715277777777778 0.08958333333333333 0.12083333333333333
27 0.2609375 0.3173611111111111 0.10104166666666667 0.12916666666666668
87 0.4578125 0.5611111111111111 0.14479166666666668 0.13055555555555556
87 0.44635416666666666 0.23125 0.18229166666666666 0.08194444444444444
22 0.6151041666666667 0.42777777777777776 0.13229166666666667 0.15
27 0.24322916666666666 0.5965277777777778 0.103125 0.12916666666666668
56 0.1765625 0.38819444444444445 0.10729166666666666 0.12638888888888888
87 0.44375 0.43680555555555556 0.18333333333333332 0.10694444444444444
56 0.16302083333333334 0.5222222222222223 0.09895833333333333 0.11944444444444445
