63 0.8296875 0.6319444444444444 0.07395833333333333 0.13333333333333333
63 0.7078125 0.21875 0.103125 0.1375
63 0.8270833333333333 0.3451388888888889 0.06666666666666667 0.12916666666666668
108 0.4630208333333333 0.7868055555555555 0.403125 0.2513888888888889
63 0.22708333333333333 0.6166666666666667 0.09166666666666666 0.15833333333333333
0 0.21927083333333333 0.4513888888888889 0.08645833333333333 0.1638888888888889
104 0.378125 0.45902777777777776 0.19791666666666666 0.2125
104 0.7244791666666667 0.7777777777777778 0.140625 0.2
110 0.3885416666666667 0.23680555555555555 0.35 0.26805555555555555
0 0.21510416666666668 0.21458333333333332 0.078125 0.1125
109 0.64375 0.48541666666666666 0.34791666666666665 0.4263888888888889
