87 0.4583333333333333 0.5569444444444445 0.14375 0.1361111111111111
56 0.16302083333333334 0.5229166666666667 0.096875 0.12083333333333333
21 0.7 0.20972222222222223 0.1 0.13333333333333333
27 0.2911458333333333 0.20694444444444443 0.08854166666666667 0.1111111111111111
27 0.7026041666666667 0.7979166666666667 0.090625 0.11805555555555555
21 0.7276041666666667 0.6770833333333334 0.115625 0.14305555555555555
56 0.20885416666666667 0.25069444444444444 0.09479166666666666 0.12083333333333333
22 0.6072916666666667 0.7201388888888889 0.10833333333333334 0.1486111111111111
87 0.44583333333333336 0.23055555555555557 0.17916666666666667 0.08611111111111111
21 0.7286458333333333 0.3416666666666667 0.11979166666666667 0.15
22 0.615625 0.42777777777777776 0.13125 0.15
27 0.309375 0.8381944444444445 0.08541666666666667 0.10694444444444444
87 0.44427083333333334 0.32222222222222224 0.18020833333333333 0.08611111111111111
21 0.7458333333333333 0.5118055555555555 0.11875 0.1375
22 0.625 0.5854166666666667 0.12916666666666668 0.1486111111111111
56 0.17447916666666666 0.38819444444444445 0.109375 0.12361111111111112
22 0.6125 0.2902777777777778 0.1125 0.14722222222222223
22 0.5921875 0.8180555555555555 0.090625 0.11944444444444445
27 0.2864583333333333 0.7333333333333333 0.1 0.13055555555555556
27 0.24114583333333334 0.45694444444444443 0.10520833333333333 0.125
56 0.2140625 0.7701388888888889 0.08854166666666667 0.12083333333333333
27 0.24270833333333333 0.5965277777777778 0.10208333333333333 0.12916666666666668
87 0.44427083333333334 0.4354166666666667 0.18645833333333334 0.10694444444444444
27 0.25885416666666666 0.3173611111111111 0.09895833333333333 0.12916666666666668
56 0.18177083333333333 0.65625 0.096875 0.12361111111111112
