39 0.7802083333333333 0.20277777777777778 0.07916666666666666 0.1
39 0.7885416666666667 0.7708333333333334 0.08125 0.10555555555555556
27 0.6401041666666667 0.25069444444444444 0.115625 0.15416666666666667
26 0.18333333333333332 0.45555555555555555 0.08541666666666667 0.11388888888888889
27 0.6645833333333333 0.4097222222222222 0.13333333333333333 0.16111111111111112
62 0.3984375 0.5541666666666667 0.09895833333333333 0.12222222222222222
26 0.23802083333333332 0.225 0.07604166666666666 0.10555555555555556
62 0.409375 0.30833333333333335 0.09166666666666666 0.125
62 0.39895833333333336 0.4270833333333333 0.09791666666666667 0.12361111111111112
19 0.31979166666666664 0.22291666666666668 0.10416666666666667 0.12638888888888888
19 0.28802083333333334 0.45069444444444445 0.134375 0.12916666666666668
39 0.8239583333333333 0.65 0.0875 0.11388888888888889
27 0.6442708333333333 0.7416666666666667 0.115625 0.1527777777777778
39 0.8385416666666666 0.53125 0.08541666666666667 0.11527777777777778
39 0.8177083333333334 0.3 0.07916666666666666 0.10555555555555556
112 0.7380208333333333 0.6131944444444445 0.09270833333333334 0.17083333333333334
27 0.6135416666666667 0.14583333333333334 0.08958333333333333 0.11666666666666667
19 0.3020833333333333 0.6680555555555555 0.12083333333333333 0.14444444444444443
62 0.41041666666666665 0.6791666666666667 0.09375 0.13055555555555556
39 0.8380208333333333 0.4131944444444444 0.08020833333333334 0.1125
57 0.5067708333333333 0.1375 0.10520833333333333 0.15555555555555556
27 0.6682291666666667 0.5833333333333334 0.12604166666666666 0.15555555555555556
27 0.6161458333333333 0.8465277777777778 0.09479166666666666 0.11805555555555555
19 0.30572916666666666 0.3215277777777778 0.121875 0.14305555555555555
62 0.41770833333333335 0.21805555555555556 0.07916666666666666 0.10833333333333334
26 0.20729166666666668 0.33402777777777776 0.08958333333333333 0.1125
