1 0.25052083333333336 0.43125 0.103125 0.17916666666666667
1 0.3229166666666667 0.8826388888888889 0.09166666666666666 0.09027777777777778
66 0.7447916666666666 0.5895833333333333 0.11666666666666667 0.15694444444444444
47 0.6072916666666667 0.6256944444444444 0.14583333333333334 0.19305555555555556
65 0.8255208333333334 0.3854166666666667 0.06979166666666667 0.12916666666666668
35 0.15208333333333332 0.6951388888888889 0.075 0.1375
36 0.41822916666666665 0.15416666666666667 0.11145833333333334 0.10555555555555556
46 0.5635416666666667 0.14722222222222223 0.11041666666666666 0.09444444444444444
35 0.14270833333333333 0.4083333333333333 0.07708333333333334 0.14444444444444443
66 0.7270833333333333 0.26875 0.1125 0.10416666666666667
35 0.13697916666666668 0.5527777777777778 0.071875 0.14722222222222223
1 0.259375 0.27708333333333335 0.09791666666666667 0.13472222222222222
36 0.41875 0.7888888888888889 0.12916666666666668 0.14166666666666666
36 0.4119791666666667 0.2659722222222222 0.134375 0.15416666666666667
65 0.8359375 0.55 0.06979166666666667 0.10555555555555556
66 0.7369791666666666 0.38333333333333336 0.121875 0.13055555555555556
46 0.571875 0.8881944444444444 0.10625 0.0875
65 0.821875 0.6868055555555556 0.07291666666666667 0.12083333333333333
46 0.5765625 0.2534722222222222 0.134375 0.14583333333333334
65 0.7989583333333333 0.2611111111111111 0.07916666666666666 0.12222222222222222
35 0.1859375 0.8055555555555556 0.08020833333333334 0.10833333333333334
36 0.415625 0.43333333333333335 0.15208333333333332 0.20555555555555555
35 0.203125 0.1840277777777778 0.075 0.10138888888888889
66 0.7244791666666667 0.7784722222222222 0.11354166666666667 0.1486111111111111
65 0.7770833333333333 0.8125 0.08125 0.10555555555555556
35 0.16458333333333333 0.2833333333333333 0.07916666666666666 0.13055555555555556
36 0.4088541666666667 0.6361111111111111 0.15104166666666666 0.19444444444444445
46 0.5973958333333333 0.7847222222222222 0.13020833333333334 0.1361111111111111
66 0.6911458333333333 0.17083333333333334 0.115625 0.10833333333333334
1 0.2869791666666667 0.7763888888888889 0.10729166666666666 0.14166666666666666
1 0.2552083333333333 0.6159722222222223 0.10625 0.1763888888888889
46 0.5927083333333333 0.4236111111111111 0.15208333333333332 0.2
1 0.29791666666666666 0.16805555555555557 0.09166666666666666 0.1
