40 0.29375 0.2 0.08958333333333333 0.10277777777777777
19 0.590625 0.20902777777777778 0.10208333333333333 0.1597222222222222
21 0.8026041666666667 0.34930555555555554 0.09895833333333333 0.11805555555555555
21 0.8119791666666667 0.4840277777777778 0.11145833333333334 0.12083333333333333
40 0.17864583333333334 0.4444444444444444 0.08854166666666667 0.11388888888888889
40 0.2671875 0.3090277777777778 0.10729166666666666 0.12916666666666668
40 0.22552083333333334 0.22291666666666668 0.06979166666666667 0.0875
40 0.19270833333333334 0.32569444444444445 0.075 0.10416666666666667
21 0.7677083333333333 0.23333333333333334 0.08541666666666667 0.12222222222222222
19 0.6822916666666666 0.23819444444444443 0.10208333333333333 0.14027777777777778
