5 0.6067708333333334 0.7909722222222222 0.08229166666666667 0.10416666666666667
5 0.6166666666666667 0.7090277777777778 0.09166666666666666 0.12638888888888888
5 0.6796875 0.7715277777777778 0.06770833333333333 0.09305555555555556
7 0.21979166666666666 0.7923611111111111 0.06875 0.09027777777777778
7 0.25 0.3138888888888889 0.10416666666666667 0.13055555555555556
17 0.34791666666666665 0.27152777777777776 0.11041666666666666 0.15416666666666667
95 0.6286458333333333 0.46319444444444446 0.10729166666666666 0.1125
17 0.3692708333333333 0.17152777777777778 0.09270833333333334 0.12361111111111112
24 0.3859375 0.8152777777777778 0.090625 0.11388888888888889
27 0.703125 0.2013888888888889 0.08333333333333333 0.10833333333333334
7 0.22552083333333334 0.44513888888888886 0.103125 0.12638888888888888
10 0.2916666666666667 0.8201388888888889 0.09375 0.11805555555555555
9 0.8291666666666667 0.45555555555555555 0.07708333333333334 0.11388888888888889
27 0.75625 0.4625 0.1 0.125
39 0.17916666666666667 0.32013888888888886 0.07708333333333334 0.10694444444444444
24 0.36770833333333336 0.7180555555555556 0.10625 0.14166666666666666
93 0.48072916666666665 0.18472222222222223 0.078125 0.1361111111111111
9 0.7744791666666667 0.22916666666666666 0.07604166666666666 0.09722222222222222
95 0.6088541666666667 0.35555555555555557 0.10729166666666666 0.125
9 0.8098958333333334 0.3368055555555556 0.08020833333333334 0.10694444444444444
25 0.2125 0.21597222222222223 0.06458333333333334 0.09305555555555556
5 0.7057291666666666 0.5826388888888889 0.09479166666666666 0.09861111111111111
40 0.184375 0.6875 0.07291666666666667 0.10555555555555556
42 0.4739583333333333 0.5333333333333333 0.125 0.16666666666666666
5 0.63125 0.6006944444444444 0.10416666666666667 0.12083333333333333
95 0.596875 0.18333333333333332 0.0875 0.09444444444444444
95 0.6015625 0.2590277777777778 0.096875 0.12083333333333333
40 0.16302083333333334 0.43680555555555556 0.06979166666666667 0.11527777777777778
7 0.23020833333333332 0.575 0.10625 0.12777777777777777
16 0.7859375 0.5652777777777778 0.08229166666666667 0.10277777777777777
17 0.3229166666666667 0.5875 0.13125 0.15
27 0.7380208333333333 0.325 0.096875 0.125
16 0.7427083333333333 0.7645833333333333 0.075 0.09861111111111111
24 0.47552083333333334 0.8291666666666667 0.08854166666666667 0.11666666666666667
7 0.27239583333333334 0.2076388888888889 0.08854166666666667 0.10972222222222222
16 0.7708333333333334 0.6729166666666667 0.07708333333333334 0.10416666666666667
24 0.47239583333333335 0.7236111111111111 0.103125 0.16944444444444445
10 0.259375 0.7152777777777778 0.10625 0.13333333333333333
40 0.16145833333333334 0.5625 0.07083333333333333 0.1111111111111111
5 0.6880208333333333 0.6909722222222222 0.08854166666666667 0.10138888888888889
17 0.3203125 0.4173611111111111 0.13020833333333334 0.14583333333333334
93 0.46458333333333335 0.28680555555555554 0.09791666666666667 0.15416666666666667
