19 0.39947916666666666 0.7152777777777778 0.11979166666666667 0.16944444444444445
19 0.4192708333333333 0.8145833333333333 0.09270833333333334 0.14583333333333334
112 0.5979166666666667 0.1597222222222222 0.11875 0.1
39 0.2234375 0.20277777777777778 0.078125 0.09722222222222222
17 0.7958333333333333 0.2972222222222222 0.05625 0.10555555555555556
19 0.3885416666666667 0.40902777777777777 0.13958333333333334 0.1625
17 0.8130208333333333 0.4048611111111111 0.071875 0.10416666666666667
112 0.6223958333333334 0.2902777777777778 0.134375 0.16944444444444445
10 0.7348958333333333 0.70625 0.10520833333333333 0.13472222222222222
10 0.7567708333333333 0.4305555555555556 0.11354166666666667 0.1361111111111111
63 0.5109375 0.6881944444444444 0.08854166666666667 0.10972222222222222
63 0.5114583333333333 0.5680555555555555 0.09375 0.125
63 0.5088541666666667 0.32013888888888886 0.08854166666666667 0.10694444444444444
26 0.259375 0.5729166666666666 0.10833333333333334 0.13194444444444445
17 0.7734375 0.7548611111111111 0.071875 0.0875
63 0.5109375 0.4388888888888889 0.09270833333333334 0.12777777777777777
19 0.4109375 0.15 0.08854166666666667 0.1388888888888889
10 0.740625 0.2972222222222222 0.10208333333333333 0.13333333333333333
63 0.50625 0.2263888888888889 0.08333333333333333 0.08611111111111111
39 0.16666666666666666 0.41180555555555554 0.08333333333333333 0.1125
19 0.38125 0.5708333333333333 0.14166666666666666 0.15555555555555556
17 0.8020833333333334 0.6368055555555555 0.08125 0.09305555555555556
10 0.753125 0.5715277777777777 0.11458333333333333 0.13472222222222222
26 0.31197916666666664 0.8069444444444445 0.09270833333333334 0.11666666666666667
26 0.28489583333333335 0.70625 0.10729166666666666 0.1375
39 0.16510416666666666 0.5326388888888889 0.08645833333333333 0.11805555555555555
10 0.70625 0.19305555555555556 0.09166666666666666 0.11666666666666667
26 0.2598958333333333 0.4361111111111111 0.11770833333333333 0.13333333333333333
26 0.3098958333333333 0.2013888888888889 0.09270833333333334 0.125
26 0.2760416666666667 0.3076388888888889 0.10625 0.12916666666666668
19 0.4005208333333333 0.2701388888888889 0.11770833333333333 0.16805555555555557
17 0.8140625 0.5118055555555555 0.08020833333333334 0.09583333333333334
39 0.18854166666666666 0.2986111111111111 0.08125 0.10833333333333334
17 0.7651041666666667 0.20972222222222223 0.06145833333333333 0.08055555555555556
