0 0.7953125 0.20694444444444443 0.06145833333333333 0.09444444444444444
36 0.4734375 0.8597222222222223 0.11145833333333334 0.1
0 0.8270833333333333 0.30694444444444446 0.06041666666666667 0.11388888888888889
49 0.7234375 0.5194444444444445 0.18854166666666666 0.36666666666666664
36 0.4546875 0.37569444444444444 0.15520833333333334 0.1986111111111111
92 0.28177083333333336 0.4847222222222222 0.178125 0.37222222222222223
0 0.8447916666666667 0.42986111111111114 0.058333333333333334 0.12916666666666668
36 0.45729166666666665 0.5805555555555556 0.15625 0.20277777777777778
1 0.17864583333333334 0.6701388888888888 0.059375 0.11805555555555555
92 0.31666666666666665 0.2 0.18541666666666667 0.21666666666666667
1 0.16770833333333332 0.4097222222222222 0.058333333333333334 0.125
0 0.7932291666666667 0.7979166666666667 0.065625 0.09305555555555556
36 0.4661458333333333 0.7486111111111111 0.134375 0.1527777777777778
0 0.8213541666666667 0.6958333333333333 0.06979166666666667 0.125
49 0.6848958333333334 0.17916666666666667 0.17604166666666668 0.20277777777777778
49 0.6921875 0.8034722222222223 0.184375 0.2125
0 0.8442708333333333 0.5645833333333333 0.057291666666666664 0.13194444444444445
1 0.2125 0.7770833333333333 0.0625 0.09861111111111111
36 0.4666666666666667 0.13055555555555556 0.10416666666666667 0.08611111111111111
92 0.3098958333333333 0.7798611111111111 0.190625 0.2375
1 0.1921875 0.28958333333333336 0.06354166666666666 0.1125
1 0.16354166666666667 0.54375 0.05416666666666667 0.12916666666666668
1 0.225 0.19305555555555556 0.0625 0.08888888888888889
36 0.4625 0.22430555555555556 0.12916666666666668 0.1375
