34 0.159375 0.6340277777777777 0.05416666666666667 0.10972222222222222
34 0.15364583333333334 0.5458333333333333 0.051041666666666666 0.10277777777777777
34 0.21770833333333334 0.1840277777777778 0.06666666666666667 0.10138888888888889
44 0.29791666666666666 0.3375 0.15416666666666667 0.3
61 0.7479166666666667 0.8104166666666667 0.09791666666666667 0.11805555555555555
44 0.2911458333333333 0.6326388888888889 0.14270833333333333 0.29305555555555557
34 0.184375 0.27291666666666664 0.06458333333333334 0.09305555555555556
44 0.2578125 0.7944444444444444 0.11979166666666667 0.16944444444444445
34 0.15520833333333334 0.4444444444444444 0.05416666666666667 0.1
44 0.26458333333333334 0.18472222222222223 0.1 0.15555555555555556
67 0.8411458333333334 0.6840277777777778 0.071875 0.1763888888888889
44 0.20989583333333334 0.6131944444444445 0.07604166666666666 0.2375
81 0.46927083333333336 0.5840277777777778 0.246875 0.32083333333333336
34 0.16666666666666666 0.35138888888888886 0.058333333333333334 0.10555555555555556
61 0.7203125 0.8743055555555556 0.090625 0.08194444444444444
61 0.7744791666666667 0.7104166666666667 0.09895833333333333 0.1375
44 0.21927083333333333 0.3590277777777778 0.084375 0.2375
67 0.8390625 0.32222222222222224 0.096875 0.17222222222222222
44 0.3489583333333333 0.14166666666666666 0.125 0.15
81 0.4708333333333333 0.30416666666666664 0.22916666666666666 0.2611111111111111
67 0.8552083333333333 0.5006944444444444 0.07083333333333333 0.19583333333333333
67 0.7942708333333334 0.8256944444444444 0.08020833333333334 0.12638888888888888
67 0.7911458333333333 0.18263888888888888 0.09895833333333333 0.14027777777777778
81 0.4875 0.12638888888888888 0.17291666666666666 0.12777777777777777
