47 0.334375 0.8263888888888888 0.08958333333333333 0.10277777777777777
47 0.4296875 0.6479166666666667 0.14270833333333333 0.1875
47 0.440625 0.15555555555555556 0.1125 0.10833333333333334
47 0.26927083333333335 0.32222222222222224 0.09479166666666666 0.1388888888888889
47 0.26197916666666665 0.46597222222222223 0.096875 0.1486111111111111
47 0.2859375 0.6173611111111111 0.10520833333333333 0.15138888888888888
47 0.4010416666666667 0.2798611111111111 0.13333333333333333 0.16527777777777777
47 0.29635416666666664 0.20625 0.08854166666666667 0.10694444444444444
47 0.2864583333333333 0.7388888888888889 0.08958333333333333 0.1111111111111111
47 0.3927083333333333 0.45694444444444443 0.14791666666666667 0.19722222222222222
47 0.41822916666666665 0.7861111111111111 0.11979166666666667 0.12222222222222222
