35 0.39479166666666665 0.7659722222222223 0.2125 0.24305555555555555
37 0.25416666666666665 0.2638888888888889 0.08125 0.14444444444444443
72 0.40729166666666666 0.9145833333333333 0.15 0.10694444444444444
96 0.678125 0.2298611111111111 0.11875 0.15694444444444444
96 0.6625 0.7590277777777777 0.13125 0.17083333333333334
6 0.23541666666666666 0.6152777777777778 0.09583333333333334 0.16944444444444445
71 0.3765625 0.23194444444444445 0.19895833333333332 0.23055555555555557
6 0.28958333333333336 0.15902777777777777 0.08958333333333333 0.0875
71 0.4348958333333333 0.0875 0.15520833333333334 0.10277777777777777
41 0.5458333333333333 0.10347222222222222 0.07916666666666666 0.09027777777777778
6 0.25416666666666665 0.7638888888888888 0.0875 0.13055555555555556
