39 0.2682291666666667 0.7597222222222222 0.10520833333333333 0.13055555555555556
39 0.23541666666666666 0.6284722222222222 0.11666666666666667 0.14027777777777778
53 0.5046875 0.1388888888888889 0.084375 0.10277777777777777
51 0.8354166666666667 0.5 0.09166666666666666 0.1111111111111111
23 0.7588541666666667 0.3770833333333333 0.109375 0.1375
39 0.27395833333333336 0.21319444444444444 0.10208333333333333 0.12638888888888888
15 0.5984375 0.11736111111111111 0.08854166666666667 0.11527777777777778
19 0.3703125 0.6805555555555556 0.11979166666666667 0.1638888888888889
53 0.5041666666666667 0.7868055555555555 0.09583333333333334 0.12916666666666668
51 0.7708333333333334 0.17569444444444443 0.07083333333333333 0.09027777777777778
23 0.7572916666666667 0.6020833333333333 0.11666666666666667 0.13472222222222222
53 0.4942708333333333 0.5104166666666666 0.11770833333333333 0.15416666666666667
59 0.13854166666666667 0.525 0.08541666666666667 0.125
15 0.6458333333333334 0.3659722222222222 0.14791666666666667 0.17916666666666667
15 0.6223958333333334 0.21180555555555555 0.11770833333333333 0.1597222222222222
23 0.7213541666666666 0.7631944444444444 0.103125 0.13194444444444445
19 0.3921875 0.23055555555555557 0.115625 0.16111111111111112
59 0.21875 0.15416666666666667 0.07291666666666667 0.09166666666666666
59 0.1453125 0.3819444444444444 0.084375 0.11944444444444445
23 0.696875 0.1527777777777778 0.07916666666666666 0.10833333333333334
51 0.8010416666666667 0.2604166666666667 0.08125 0.10416666666666667
51 0.8286458333333333 0.6291666666666667 0.08020833333333334 0.10833333333333334
39 0.3015625 0.1284722222222222 0.08645833333333333 0.09583333333333334
19 0.3625 0.5159722222222223 0.14166666666666666 0.14583333333333334
51 0.8296875 0.3736111111111111 0.078125 0.1111111111111111
39 0.24270833333333333 0.33541666666666664 0.11666666666666667 0.14305555555555555
59 0.1796875 0.7375 0.08229166666666667 0.11388888888888889
53 0.5010416666666667 0.3541666666666667 0.11458333333333333 0.15833333333333333
59 0.18333333333333332 0.24583333333333332 0.08541666666666667 0.10833333333333334
23 0.7276041666666667 0.24513888888888888 0.10104166666666667 0.12916666666666668
19 0.4078125 0.13958333333333334 0.090625 0.12638888888888888
19 0.3729166666666667 0.35555555555555557 0.1375 0.17222222222222222
53 0.4953125 0.6659722222222222 0.10729166666666666 0.15694444444444444
53 0.5010416666666667 0.22152777777777777 0.1 0.14305555555555555
51 0.7958333333333333 0.7444444444444445 0.07916666666666666 0.1111111111111111
39 0.22395833333333334 0.48333333333333334 0.12083333333333333 0.14444444444444443
