18 0.7057291666666666 0.17430555555555555 0.08854166666666667 0.1125
6 0.5104166666666666 0.2951388888888889 0.09166666666666666 0.10972222222222222
93 0.28802083333333334 0.3784722222222222 0.10729166666666666 0.12083333333333333
24 0.6088541666666667 0.16666666666666666 0.090625 0.1111111111111111
18 0.7364583333333333 0.27708333333333335 0.10625 0.14027777777777778
93 0.30625 0.2777777777777778 0.1 0.11944444444444445
24 0.6442708333333333 0.3798611111111111 0.128125 0.1486111111111111
62 0.3880208333333333 0.5375 0.10104166666666667 0.11944444444444445
18 0.8276041666666667 0.4166666666666667 0.08854166666666667 0.11666666666666667
62 0.39166666666666666 0.4111111111111111 0.1 0.125
18 0.7786458333333334 0.20625 0.07395833333333333 0.09027777777777778
6 0.5151041666666667 0.5409722222222222 0.10104166666666667 0.12638888888888888
6 0.5166666666666667 0.20208333333333334 0.08125 0.08194444444444444
24 0.6515625 0.525 0.13229166666666667 0.1361111111111111
15 0.253125 0.18541666666666667 0.08125 0.10694444444444444
93 0.35104166666666664 0.175 0.08541666666666667 0.11666666666666667
6 0.5036458333333333 0.4125 0.09895833333333333 0.12777777777777777
62 0.4317708333333333 0.20347222222222222 0.07604166666666666 0.10972222222222222
62 0.3848958333333333 0.6597222222222222 0.096875 0.12777777777777777
24 0.6244791666666667 0.25277777777777777 0.109375 0.1361111111111111
93 0.2942708333333333 0.7326388888888888 0.09479166666666666 0.12361111111111112
62 0.41458333333333336 0.29444444444444445 0.09166666666666666 0.12777777777777777
93 0.27395833333333336 0.49722222222222223 0.11041666666666666 0.10555555555555556
18 0.8125 0.3020833333333333 0.07916666666666666 0.10694444444444444
24 0.6380208333333334 0.7354166666666667 0.109375 0.1486111111111111
6 0.49947916666666664 0.6944444444444444 0.09270833333333334 0.11666666666666667
