80 0.46875 0.1451388888888889 0.23958333333333334 0.16527777777777777
53 0.1359375 0.5923611111111111 0.10520833333333333 0.14305555555555555
80 0.28489583333333335 0.1875 0.153125 0.17222222222222222
53 0.1890625 0.19444444444444445 0.084375 0.1111111111111111
80 0.2453125 0.40347222222222223 0.13645833333333332 0.30416666666666664
1 0.7869791666666667 0.22083333333333333 0.065625 0.09444444444444444
80 0.2734375 0.6902777777777778 0.16145833333333334 0.2722222222222222
53 0.13020833333333334 0.44513888888888886 0.09791666666666667 0.15138888888888888
1 0.8359375 0.5881944444444445 0.05520833333333333 0.12361111111111112
1 0.8390625 0.45694444444444443 0.053125 0.12777777777777777
80 0.4671875 0.8611111111111112 0.21979166666666666 0.17777777777777778
1 0.8239583333333333 0.32916666666666666 0.06041666666666667 0.11666666666666667
53 0.15572916666666667 0.30486111111111114 0.103125 0.1375
80 0.4635416666666667 0.4361111111111111 0.32708333333333334 0.425
