16 0.39114583333333336 0.6951388888888889 0.109375 0.14583333333333334
16 0.39166666666666666 0.2743055555555556 0.1 0.13472222222222222
12 0.8604166666666667 0.40694444444444444 0.08333333333333333 0.1
12 0.8651041666666667 0.5319444444444444 0.08854166666666667 0.10277777777777777
12 0.8333333333333334 0.2902777777777778 0.08541666666666667 0.10833333333333334
21 0.6276041666666666 0.25069444444444444 0.12604166666666666 0.17083333333333334
7 0.2557291666666667 0.4388888888888889 0.12395833333333334 0.13333333333333333
12 0.8005208333333333 0.1986111111111111 0.08020833333333334 0.1
16 0.4088541666666667 0.8034722222222223 0.09270833333333334 0.11805555555555555
16 0.37864583333333335 0.5534722222222223 0.11979166666666667 0.14305555555555555
16 0.3796875 0.4013888888888889 0.115625 0.14722222222222223
7 0.2755208333333333 0.30625 0.11354166666666667 0.13472222222222222
