0 0.7114583333333333 0.8458333333333333 0.08958333333333333 0.09166666666666666
0 0.3927083333333333 0.6263888888888889 0.16875 0.2222222222222222
0 0.8380208333333333 0.42569444444444443 0.059375 0.12916666666666668
0 0.7916666666666666 0.7944444444444444 0.06458333333333334 0.09722222222222222
0 0.21666666666666667 0.8215277777777777 0.06458333333333334 0.09027777777777778
0 0.61875 0.6125 0.16666666666666666 0.2222222222222222
0 0.809375 0.2951388888888889 0.06875 0.11805555555555555
0 0.7390625 0.7361111111111112 0.09479166666666666 0.14444444444444443
0 0.20208333333333334 0.22916666666666666 0.06458333333333334 0.09444444444444444
0 0.22239583333333332 0.43819444444444444 0.08645833333333333 0.15694444444444444
0 0.184375 0.7215277777777778 0.06458333333333334 0.12083333333333333
0 0.84375 0.5618055555555556 0.05416666666666667 0.12638888888888888
0 0.4015625 0.8930555555555556 0.11145833333333334 0.09444444444444444
0 0.5979166666666667 0.3840277777777778 0.16875 0.22361111111111112
0 0.15625 0.45208333333333334 0.05416666666666667 0.13194444444444445
0 0.42135416666666664 0.21041666666666667 0.13645833333333332 0.14027777777777778
0 0.15833333333333333 0.5930555555555556 0.058333333333333334 0.125
0 0.2526041666666667 0.2875 0.09479166666666666 0.1388888888888889
0 0.6010416666666667 0.2111111111111111 0.13541666666666666 0.1361111111111111
0 0.4395833333333333 0.8097222222222222 0.14375 0.14722222222222223
0 0.5776041666666667 0.9013888888888889 0.11354166666666667 0.08888888888888889
0 0.7510416666666667 0.4125 0.09583333333333334 0.17222222222222222
0 0.24114583333333334 0.6055555555555555 0.09270833333333334 0.16666666666666666
0 0.7739583333333333 0.58125 0.08541666666666667 0.15694444444444444
0 0.2703125 0.7590277777777777 0.096875 0.13472222222222222
0 0.7244791666666667 0.25763888888888886 0.09895833333333333 0.13472222222222222
0 0.4161458333333333 0.3923611111111111 0.17604166666666668 0.23194444444444445
0 0.290625 0.8597222222222223 0.08541666666666667 0.08611111111111111
0 0.27708333333333335 0.18055555555555555 0.07916666666666666 0.09166666666666666
0 0.8255208333333334 0.6888888888888889 0.06354166666666666 0.11666666666666667
0 0.17135416666666667 0.3277777777777778 0.059375 0.1111111111111111
0 0.6119791666666666 0.7944444444444444 0.140625 0.15
