80 0.646875 0.5784722222222223 0.15208333333333332 0.2263888888888889
80 0.48072916666666665 0.5645833333333333 0.18229166666666666 0.24305555555555555
39 0.8385416666666666 0.49583333333333335 0.09583333333333334 0.11944444444444445
15 0.29270833333333335 0.5534722222222223 0.1375 0.15416666666666667
39 0.7770833333333333 0.23958333333333334 0.0875 0.12083333333333333
39 0.8177083333333334 0.7194444444444444 0.08125 0.10277777777777777
12 0.21822916666666667 0.7701388888888889 0.08645833333333333 0.1125
15 0.3390625 0.22916666666666666 0.109375 0.1527777777777778
80 0.6427083333333333 0.7763888888888889 0.13541666666666666 0.1527777777777778
12 0.19270833333333334 0.6597222222222222 0.1 0.11388888888888889
39 0.7869791666666667 0.8090277777777778 0.078125 0.09027777777777778
15 0.34375 0.8347222222222223 0.10416666666666667 0.12777777777777777
80 0.4947916666666667 0.7909722222222222 0.15416666666666667 0.15138888888888888
80 0.6442708333333333 0.3326388888888889 0.14270833333333333 0.1875
15 0.3151041666666667 0.7125 0.13229166666666667 0.15555555555555556
39 0.8192708333333333 0.36875 0.09479166666666666 0.12083333333333333
39 0.8375 0.6131944444444445 0.0875 0.10972222222222222
80 0.4765625 0.33541666666666664 0.16979166666666667 0.1986111111111111
12 0.22447916666666667 0.2638888888888889 0.09270833333333334 0.125
12 0.18229166666666666 0.4666666666666667 0.10208333333333333 0.11944444444444445
15 0.2984375 0.39652777777777776 0.13229166666666667 0.15138888888888888
