49 0.28020833333333334 0.49027777777777776 0.19166666666666668 0.3888888888888889
80 0.21145833333333333 0.2111111111111111 0.12083333333333333 0.18611111111111112
79 0.5223958333333333 0.55625 0.31354166666666666 0.42083333333333334
49 0.3375 0.19375 0.20416666666666666 0.22083333333333333
49 0.7114583333333333 0.18680555555555556 0.15833333333333333 0.19583333333333333
50 0.5557291666666667 0.1951388888888889 0.246875 0.2263888888888889
50 0.16927083333333334 0.4048611111111111 0.08645833333333333 0.22916666666666666
49 0.6885416666666667 0.7590277777777777 0.20208333333333334 0.2708333333333333
35 0.5244791666666667 0.8798611111111111 0.16979166666666667 0.1625
49 0.7359375 0.4444444444444444 0.178125 0.3638888888888889
49 0.3416666666666667 0.7958333333333333 0.21458333333333332 0.24444444444444444
