62 0.5015625 0.41388888888888886 0.08854166666666667 0.13333333333333333
112 0.39375 0.7993055555555556 0.12916666666666668 0.13194444444444445
62 0.496875 0.5520833333333334 0.0875 0.12638888888888888
19 0.28854166666666664 0.29444444444444445 0.09166666666666666 0.12777777777777777
26 0.6494791666666667 0.41875 0.14270833333333333 0.1597222222222222
112 0.38645833333333335 0.24930555555555556 0.1375 0.1486111111111111
62 0.4083333333333333 0.16944444444444445 0.0625 0.044444444444444446
112 0.37135416666666665 0.6368055555555555 0.15104166666666666 0.1986111111111111
19 0.275 0.5604166666666667 0.10833333333333334 0.12638888888888888
27 0.17864583333333334 0.4131944444444444 0.08020833333333334 0.1125
19 0.26666666666666666 0.42430555555555555 0.08958333333333333 0.13194444444444445
27 0.2328125 0.20555555555555555 0.07604166666666666 0.09444444444444444
39 0.8328125 0.5381944444444444 0.08645833333333333 0.11805555555555555
17 0.7447916666666666 0.5548611111111111 0.1125 0.12638888888888888
62 0.5015625 0.29305555555555557 0.084375 0.12777777777777777
26 0.6458333333333334 0.5868055555555556 0.13958333333333334 0.1597222222222222
26 0.6229166666666667 0.7451388888888889 0.11458333333333333 0.15694444444444444
62 0.49895833333333334 0.6784722222222223 0.0875 0.1375
39 0.821875 0.6548611111111111 0.07916666666666666 0.10416666666666667
112 0.36875 0.4263888888888889 0.15416666666666667 0.21666666666666667
17 0.7015625 0.19583333333333333 0.08229166666666667 0.10555555555555556
17 0.7229166666666667 0.6888888888888889 0.10625 0.12777777777777777
62 0.5 0.20277777777777778 0.075 0.10277777777777777
26 0.6270833333333333 0.26319444444444445 0.11875 0.1597222222222222
26 0.6140625 0.15902777777777777 0.096875 0.12361111111111112
39 0.8072916666666666 0.29930555555555555 0.08125 0.1125
17 0.7026041666666667 0.7923611111111111 0.084375 0.1125
19 0.29010416666666666 0.6951388888888889 0.096875 0.12916666666666668
17 0.7505208333333333 0.4222222222222222 0.10729166666666666 0.12777777777777777
17 0.7234375 0.29305555555555557 0.10104166666666667 0.12222222222222222
19 0.30416666666666664 0.7986111111111112 0.075 0.1111111111111111
19 0.325 0.1875 0.08333333333333333 0.1111111111111111
39 0.7770833333333333 0.7909722222222222 0.075 0.10138888888888889
39 0.7755208333333333 0.20347222222222222 0.07395833333333333 0.09861111111111111
27 0.16822916666666668 0.5361111111111111 0.07395833333333333 0.11388888888888889
39 0.8333333333333334 0.41805555555555557 0.08333333333333333 0.11388888888888889
27 0.19427083333333334 0.30069444444444443 0.07604166666666666 0.09861111111111111
