41 0.3015625 0.14652777777777778 0.08645833333333333 0.0875
41 0.26875 0.2520833333333333 0.09583333333333334 0.1375
41 0.38958333333333334 0.6173611111111111 0.17083333333333334 0.22916666666666666
41 0.22395833333333334 0.18333333333333332 0.06458333333333334 0.08611111111111111
41 0.38333333333333336 0.20277777777777778 0.1375 0.15
41 0.24635416666666668 0.41041666666666665 0.09895833333333333 0.1763888888888889
41 0.3104166666666667 0.8472222222222222 0.09166666666666666 0.10277777777777777
41 0.24947916666666667 0.5923611111111111 0.09895833333333333 0.1736111111111111
41 0.4244791666666667 0.8965277777777778 0.11354166666666667 0.0875
41 0.41302083333333334 0.10069444444444445 0.11145833333333334 0.08472222222222223
41 0.39114583333333336 0.38263888888888886 0.171875 0.23194444444444445
41 0.3890625 0.79375 0.13854166666666667 0.14305555555555555
41 0.1890625 0.28402777777777777 0.06354166666666666 0.12361111111111112
41 0.25677083333333334 0.7375 0.090625 0.125
