13 0.6942708333333333 0.8777777777777778 0.08854166666666667 0.11666666666666667
13 0.7276041666666667 0.18888888888888888 0.103125 0.13333333333333333
13 0.7796875 0.6472222222222223 0.11770833333333333 0.14444444444444443
38 0.8432291666666667 0.3263888888888889 0.06979166666666667 0.11944444444444445
95 0.22239583333333332 0.31319444444444444 0.06979166666666667 0.10138888888888889
13 0.7416666666666667 0.7875 0.10416666666666667 0.1388888888888889
38 0.8640625 0.45208333333333334 0.06979166666666667 0.09583333333333334
13 0.7807291666666667 0.31875 0.10729166666666666 0.1375
53 0.31197916666666664 0.7284722222222222 0.09895833333333333 0.13472222222222222
95 0.2557291666666667 0.7902777777777777 0.06979166666666667 0.075
95 0.2296875 0.7256944444444444 0.06979166666666667 0.09305555555555556
53 0.3015625 0.3076388888888889 0.103125 0.13472222222222222
38 0.7822916666666667 0.8486111111111111 0.0625 0.07777777777777778
38 0.8015625 0.2048611111111111 0.06979166666666667 0.09861111111111111
38 0.8208333333333333 0.7423611111111111 0.08125 0.09583333333333334
13 0.7953125 0.47291666666666665 0.11770833333333333 0.13472222222222222
38 0.8484375 0.6041666666666666 0.084375 0.11666666666666667
95 0.24479166666666666 0.23472222222222222 0.075 0.08055555555555556
