15 0.33489583333333334 0.3840277777777778 0.14270833333333333 0.16805555555555557
15 0.3625 0.7340277777777777 0.13958333333333334 0.1763888888888889
80 0.5265625 0.7604166666666666 0.16354166666666667 0.1625
80 0.5296875 0.5569444444444445 0.184375 0.24444444444444444
12 0.18125 0.5319444444444444 0.1 0.10833333333333334
80 0.6671875 0.7256944444444444 0.13229166666666667 0.17083333333333334
80 0.6848958333333334 0.5277777777777778 0.13229166666666667 0.21666666666666667
39 0.8182291666666667 0.7208333333333333 0.08020833333333334 0.10277777777777777
39 0.7765625 0.23958333333333334 0.08854166666666667 0.12083333333333333
12 0.20416666666666666 0.37222222222222223 0.11041666666666666 0.14444444444444443
80 0.5078125 0.33611111111111114 0.171875 0.19722222222222222
39 0.8197916666666667 0.36875 0.09375 0.12083333333333333
12 0.24791666666666667 0.23680555555555555 0.1 0.14305555555555555
39 0.8385416666666666 0.4965277777777778 0.09375 0.11805555555555555
39 0.8380208333333333 0.6131944444444445 0.08645833333333333 0.10694444444444444
15 0.39739583333333334 0.8555555555555555 0.10520833333333333 0.1361111111111111
15 0.3697916666666667 0.23055555555555557 0.11458333333333333 0.16111111111111112
12 0.19322916666666667 0.6618055555555555 0.09479166666666666 0.1125
39 0.7864583333333334 0.8090277777777778 0.07708333333333334 0.09027777777777778
15 0.334375 0.5590277777777778 0.14791666666666667 0.16527777777777777
80 0.6536458333333334 0.3277777777777778 0.134375 0.18055555555555555
