53 0.49375 0.5319444444444444 0.11875 0.15555555555555556
51 0.83125 0.3951388888888889 0.08125 0.11805555555555555
39 0.225 0.5708333333333333 0.11875 0.14166666666666666
19 0.39166666666666666 0.2326388888888889 0.11458333333333333 0.1597222222222222
19 0.3619791666666667 0.5152777777777777 0.14479166666666668 0.1388888888888889
15 0.671875 0.5527777777777778 0.15208333333333332 0.1638888888888889
53 0.5005208333333333 0.24166666666666667 0.103125 0.14166666666666666
23 0.7614583333333333 0.38958333333333334 0.11041666666666666 0.13472222222222222
38 0.14166666666666666 0.4152777777777778 0.08125 0.12777777777777777
15 0.6270833333333333 0.225 0.11875 0.16111111111111112
53 0.5052083333333334 0.37916666666666665 0.11458333333333333 0.1527777777777778
38 0.1375 0.5631944444444444 0.07916666666666666 0.12916666666666668
53 0.5125 0.15138888888888888 0.08541666666666667 0.1111111111111111
23 0.7333333333333333 0.25833333333333336 0.10208333333333333 0.13333333333333333
38 0.16927083333333334 0.725 0.07604166666666666 0.11388888888888889
53 0.41458333333333336 0.1527777777777778 0.08333333333333333 0.10833333333333334
23 0.7708333333333334 0.5340277777777778 0.10833333333333334 0.1375
23 0.703125 0.16458333333333333 0.07708333333333334 0.10972222222222222
19 0.3848958333333333 0.7881944444444444 0.10729166666666666 0.15416666666666667
51 0.7765625 0.19236111111111112 0.071875 0.09305555555555556
39 0.24739583333333334 0.7145833333333333 0.10729166666666666 0.1375
15 0.6473958333333333 0.7263888888888889 0.13229166666666667 0.16944444444444445
51 0.8411458333333334 0.5222222222222223 0.08020833333333334 0.10555555555555556
15 0.6473958333333333 0.38125 0.14895833333333333 0.1736111111111111
53 0.4875 0.6868055555555556 0.10833333333333334 0.1597222222222222
39 0.30416666666666664 0.15416666666666667 0.0875 0.125
51 0.8104166666666667 0.2847222222222222 0.08333333333333333 0.1
15 0.6083333333333333 0.12777777777777777 0.08958333333333333 0.11388888888888889
23 0.746875 0.6854166666666667 0.10833333333333334 0.13472222222222222
19 0.37135416666666665 0.3548611111111111 0.140625 0.1736111111111111
39 0.2265625 0.42430555555555555 0.11770833333333333 0.14305555555555555
19 0.3671875 0.6729166666666667 0.13645833333333332 0.17083333333333334
