34 0.20833333333333334 0.23194444444444445 0.08541666666666667 0.09166666666666666
34 0.18541666666666667 0.3034722222222222 0.07291666666666667 0.09861111111111111
34 0.1765625 0.38263888888888886 0.071875 0.10694444444444444
34 0.165625 0.4777777777777778 0.06666666666666667 0.09722222222222222
34 0.8151041666666666 0.30972222222222223 0.07395833333333333 0.10833333333333334
34 0.7755208333333333 0.18263888888888888 0.08020833333333334 0.07916666666666666
34 0.7958333333333333 0.23680555555555555 0.07916666666666666 0.09583333333333334
34 0.8354166666666667 0.48541666666666666 0.06458333333333334 0.09583333333333334
34 0.22447916666666667 0.18055555555555555 0.078125 0.07777777777777778
34 0.8296875 0.39375 0.06770833333333333 0.10416666666666667
