62 0.5890625 0.7944444444444444 0.078125 0.10833333333333334
27 0.24010416666666667 0.5888888888888889 0.10729166666666666 0.1361111111111111
19 0.5057291666666667 0.8319444444444445 0.09479166666666666 0.1638888888888889
62 0.5713541666666667 0.28055555555555556 0.090625 0.13055555555555556
57 0.3333333333333333 0.4 0.16041666666666668 0.18611111111111112
27 0.2989583333333333 0.8361111111111111 0.07916666666666666 0.11388888888888889
62 0.6010416666666667 0.58125 0.10208333333333333 0.12361111111111112
39 0.70625 0.8298611111111112 0.09583333333333334 0.12638888888888888
62 0.5973958333333333 0.7027777777777777 0.09270833333333334 0.12222222222222222
57 0.3572916666666667 0.22847222222222222 0.12291666666666666 0.1763888888888889
57 0.3734375 0.7701388888888889 0.13229166666666667 0.18194444444444444
57 0.3458333333333333 0.5888888888888889 0.16041666666666668 0.18333333333333332
39 0.7786458333333334 0.8069444444444445 0.07395833333333333 0.09166666666666666
57 0.45260416666666664 0.13958333333333334 0.10729166666666666 0.15694444444444444
39 0.80625 0.7076388888888889 0.0875 0.11805555555555555
27 0.26510416666666664 0.73125 0.10104166666666667 0.13194444444444445
62 0.5958333333333333 0.4534722222222222 0.10208333333333333 0.12638888888888888
57 0.4078125 0.88125 0.09895833333333333 0.14027777777777778
