70 0.4869791666666667 0.35555555555555557 0.35520833333333335 0.41944444444444445
64 0.22447916666666667 0.2 0.06770833333333333 0.09444444444444444
6 0.7848958333333333 0.7993055555555556 0.07604166666666666 0.10138888888888889
6 0.8385416666666666 0.3784722222222222 0.0625 0.13194444444444445
0 0.8239583333333333 0.6902777777777778 0.06875 0.12777777777777777
98 0.4546875 0.7715277777777778 0.303125 0.2902777777777778
110 0.6864583333333333 0.70625 0.22291666666666668 0.4152777777777778
111 0.7046875 0.3013888888888889 0.215625 0.4083333333333333
6 0.7885416666666667 0.20833333333333334 0.075 0.1111111111111111
108 0.2921875 0.29791666666666666 0.20520833333333333 0.4152777777777778
6 0.2515625 0.5875 0.115625 0.17777777777777778
64 0.1859375 0.3159722222222222 0.065625 0.11805555555555555
6 0.265625 0.7479166666666667 0.09375 0.14305555555555555
50 0.5088541666666667 0.10138888888888889 0.19270833333333334 0.11944444444444445
64 0.16614583333333333 0.5166666666666667 0.05520833333333333 0.12777777777777777
