93 0.490625 0.16944444444444445 0.075 0.08333333333333333
26 0.4 0.8590277777777777 0.08958333333333333 0.12638888888888888
93 0.496875 0.7777777777777778 0.0875 0.12777777777777777
27 0.17135416666666667 0.6013888888888889 0.06770833333333333 0.10277777777777777
7 0.6322916666666667 0.45069444444444445 0.15416666666666667 0.16805555555555557
7 0.6302083333333334 0.6215277777777778 0.15 0.17083333333333334
27 0.2125 0.24583333333333332 0.06666666666666667 0.09166666666666666
10 0.7677083333333333 0.22708333333333333 0.07708333333333334 0.10138888888888889
27 0.16875 0.4826388888888889 0.075 0.10416666666666667
15 0.6984375 0.8298611111111112 0.084375 0.10138888888888889
27 0.1953125 0.7166666666666667 0.06770833333333333 0.10277777777777777
93 0.4942708333333333 0.5263888888888889 0.10104166666666667 0.13333333333333333
9 0.29270833333333335 0.19583333333333333 0.09166666666666666 0.12222222222222222
15 0.7348958333333333 0.44583333333333336 0.10520833333333333 0.1361111111111111
26 0.3614583333333333 0.425 0.13958333333333334 0.1638888888888889
15 0.7052083333333333 0.7305555555555555 0.1 0.12777777777777777
15 0.728125 0.5895833333333333 0.10625 0.13472222222222222
7 0.5921875 0.1701388888888889 0.10104166666666667 0.13472222222222222
26 0.3619791666666667 0.5916666666666667 0.14270833333333333 0.16111111111111112
93 0.49270833333333336 0.38125 0.09791666666666667 0.15416666666666667
15 0.6895833333333333 0.20069444444444445 0.08958333333333333 0.10972222222222222
10 0.7692708333333333 0.79375 0.078125 0.09583333333333334
7 0.6135416666666667 0.775 0.12083333333333333 0.15833333333333333
93 0.4859375 0.8597222222222223 0.07395833333333333 0.08611111111111111
93 0.490625 0.2625 0.08958333333333333 0.13055555555555556
10 0.815625 0.5743055555555555 0.0875 0.11805555555555555
9 0.24375 0.4465277777777778 0.11875 0.14027777777777778
9 0.2635416666666667 0.3055555555555556 0.10625 0.13333333333333333
10 0.7947916666666667 0.3236111111111111 0.08541666666666667 0.11666666666666667
26 0.37083333333333335 0.7486111111111111 0.11875 0.16111111111111112
9 0.2421875 0.5875 0.11145833333333334 0.1388888888888889
7 0.6197916666666666 0.2826388888888889 0.13125 0.17083333333333334
27 0.18333333333333332 0.35555555555555557 0.075 0.1
15 0.7114583333333333 0.3034722222222222 0.09583333333333334 0.13194444444444445
7 0.5921875 0.875 0.09479166666666666 0.11944444444444445
26 0.3765625 0.26944444444444443 0.115625 0.16111111111111112
10 0.7901041666666667 0.7 0.090625 0.11666666666666667
9 0.26510416666666664 0.7270833333333333 0.10104166666666667 0.1375
9 0.30104166666666665 0.8333333333333334 0.09166666666666666 0.11666666666666667
10 0.815625 0.4513888888888889 0.08333333333333333 0.11944444444444445
26 0.39479166666666665 0.16458333333333333 0.09166666666666666 0.12638888888888888
93 0.49583333333333335 0.6659722222222222 0.09583333333333334 0.15138888888888888
