36 0.41822916666666665 0.15416666666666667 0.11145833333333334 0.10555555555555556
35 0.13697916666666668 0.5527777777777778 0.071875 0.14722222222222223
36 0.4088541666666667 0.6354166666666666 0.15104166666666666 0.19305555555555556
36 0.41875 0.7888888888888889 0.12916666666666668 0.14166666666666666
65 0.8333333333333334 0.43472222222222223 0.06875 0.125
65 0.8364583333333333 0.5506944444444445 0.0625 0.10416666666666667
35 0.14270833333333333 0.4083333333333333 0.07708333333333334 0.14444444444444443
36 0.415625 0.43333333333333335 0.15208333333333332 0.20555555555555555
35 0.1859375 0.8055555555555556 0.08020833333333334 0.10833333333333334
66 0.6973958333333333 0.8604166666666667 0.10520833333333333 0.10416666666666667
65 0.7817708333333333 0.8208333333333333 0.07395833333333333 0.08888888888888889
1 0.2552083333333333 0.6159722222222223 0.10625 0.1763888888888889
35 0.203125 0.1840277777777778 0.075 0.10138888888888889
1 0.29791666666666666 0.16805555555555557 0.09166666666666666 0.1
46 0.5927083333333333 0.42430555555555555 0.15208333333333332 0.1986111111111111
35 0.15208333333333332 0.6951388888888889 0.075 0.1375
47 0.6067708333333334 0.6256944444444444 0.146875 0.19305555555555556
66 0.7255208333333333 0.7715277777777778 0.11354166666666667 0.14305555555555555
1 0.25052083333333336 0.43125 0.103125 0.17916666666666667
1 0.259375 0.27708333333333335 0.09791666666666667 0.13472222222222222
46 0.5755208333333334 0.2548611111111111 0.13229166666666667 0.1486111111111111
1 0.3229166666666667 0.8826388888888889 0.09166666666666666 0.09027777777777778
46 0.571875 0.8888888888888888 0.10625 0.08611111111111111
66 0.7479166666666667 0.5354166666666667 0.11666666666666667 0.14027777777777778
65 0.8052083333333333 0.7534722222222222 0.07291666666666667 0.09861111111111111
35 0.16458333333333333 0.2826388888888889 0.07916666666666666 0.13194444444444445
66 0.7364583333333333 0.39305555555555555 0.125 0.1388888888888889
46 0.5973958333333333 0.7847222222222222 0.128125 0.1361111111111111
1 0.2869791666666667 0.7763888888888889 0.10729166666666666 0.14166666666666666
46 0.5640625 0.14722222222222223 0.11145833333333334 0.09444444444444444
36 0.4119791666666667 0.2659722222222222 0.134375 0.15416666666666667
66 0.7421875 0.6590277777777778 0.11979166666666667 0.14027777777777778
65 0.8244791666666667 0.6659722222222222 0.06979166666666667 0.10972222222222222
